0.0000E+0	2.6376E+1	2.6107E+1
2.5000E-1	2.6434E+1	2.6174E+1
5.0000E-1	2.6482E+1	2.6201E+1
7.5000E-1	2.6497E+1	2.6221E+1
1.0000E+0	2.6544E+1	2.6250E+1
1.2500E+0	2.6569E+1	2.6284E+1
1.5000E+0	2.6624E+1	2.6333E+1
1.7500E+0	2.6662E+1	2.6371E+1
2.0000E+0	2.6701E+1	2.6404E+1
2.2500E+0	2.6732E+1	2.6443E+1
2.5000E+0	2.6778E+1	2.6472E+1
2.7500E+0	2.6846E+1	2.6520E+1
3.0000E+0	2.6865E+1	2.6536E+1
3.2500E+0	2.6904E+1	2.6555E+1
3.5000E+0	2.6946E+1	2.6599E+1
3.7500E+0	2.6983E+1	2.6650E+1
4.0000E+0	2.7036E+1	2.6699E+1
4.2500E+0	2.7072E+1	2.6722E+1
4.5000E+0	2.7126E+1	2.6758E+1
4.7500E+0	2.7163E+1	2.6788E+1
5.0000E+0	2.7219E+1	2.6831E+1
5.2500E+0	2.7253E+1	2.6853E+1
5.5000E+0	2.7294E+1	2.6907E+1
5.7500E+0	2.7332E+1	2.6933E+1
6.0000E+0	2.7393E+1	2.6978E+1
6.2500E+0	2.7420E+1	2.7018E+1
6.5000E+0	2.7463E+1	2.7034E+1
6.7500E+0	2.7521E+1	2.7070E+1
7.0000E+0	2.7562E+1	2.7119E+1
7.2500E+0	2.7607E+1	2.7164E+1
7.5000E+0	2.7653E+1	2.7190E+1
7.7500E+0	2.7703E+1	2.7227E+1
8.0000E+0	2.7780E+1	2.7293E+1
8.2500E+0	2.7790E+1	2.7295E+1
8.5000E+0	2.7821E+1	2.7330E+1
8.7500E+0	2.7887E+1	2.7371E+1
9.0000E+0	2.7925E+1	2.7379E+1
9.2500E+0	2.7980E+1	2.7454E+1
9.5000E+0	2.8013E+1	2.7503E+1
9.7500E+0	2.8070E+1	2.7507E+1
1.0000E+1	2.8126E+1	2.7550E+1
1.0250E+1	2.8164E+1	2.7600E+1
1.0500E+1	2.8205E+1	2.7636E+1
1.0750E+1	2.8262E+1	2.7664E+1
1.1000E+1	2.8297E+1	2.7727E+1
1.1250E+1	2.8336E+1	2.7748E+1
1.1500E+1	2.8392E+1	2.7786E+1
1.1750E+1	2.8476E+1	2.7829E+1
1.2000E+1	2.8497E+1	2.7842E+1
1.2250E+1	2.8553E+1	2.7904E+1
1.2500E+1	2.8586E+1	2.7942E+1
1.2750E+1	2.8656E+1	2.7992E+1
1.3000E+1	2.8680E+1	2.8028E+1
1.3250E+1	2.8754E+1	2.8027E+1
1.3500E+1	2.8781E+1	2.8090E+1
1.3750E+1	2.8848E+1	2.8145E+1
1.4000E+1	2.8898E+1	2.8190E+1
1.4250E+1	2.8924E+1	2.8202E+1
1.4500E+1	2.8983E+1	2.8237E+1
1.4750E+1	2.9058E+1	2.8301E+1
1.5000E+1	2.9092E+1	2.8335E+1
1.5250E+1	2.9144E+1	2.8375E+1
1.5500E+1	2.9185E+1	2.8431E+1
1.5750E+1	2.9242E+1	2.8445E+1
1.6000E+1	2.9294E+1	2.8494E+1
1.6250E+1	2.9350E+1	2.8520E+1
1.6500E+1	2.9386E+1	2.8561E+1
1.6750E+1	2.9436E+1	2.8621E+1
1.7000E+1	2.9498E+1	2.8657E+1
1.7250E+1	2.9550E+1	2.8688E+1
1.7500E+1	2.9625E+1	2.8712E+1
1.7750E+1	2.9677E+1	2.8759E+1
1.8000E+1	2.9699E+1	2.8810E+1
1.8250E+1	2.9738E+1	2.8836E+1
1.8500E+1	2.9816E+1	2.8884E+1
1.8750E+1	2.9869E+1	2.8926E+1
1.9000E+1	2.9906E+1	2.8968E+1
1.9250E+1	2.9965E+1	2.9013E+1
1.9500E+1	3.0020E+1	2.9039E+1
1.9750E+1	3.0101E+1	2.9080E+1
2.0000E+1	3.0112E+1	2.9117E+1
2.0250E+1	3.0195E+1	2.9148E+1
2.0500E+1	3.0230E+1	2.9208E+1
2.0750E+1	3.0286E+1	2.9241E+1
2.1000E+1	3.0352E+1	2.9264E+1
2.1250E+1	3.0407E+1	2.9301E+1
2.1500E+1	3.0446E+1	2.9366E+1
2.1750E+1	3.0513E+1	2.9415E+1
2.2000E+1	3.0552E+1	2.9438E+1
2.2250E+1	3.0651E+1	2.9493E+1
2.2500E+1	3.0669E+1	2.9521E+1
2.2750E+1	3.0725E+1	2.9568E+1
2.3000E+1	3.0794E+1	2.9608E+1
2.3250E+1	3.0809E+1	2.9666E+1
2.3500E+1	3.0908E+1	2.9692E+1
2.3750E+1	3.0961E+1	2.9725E+1
2.4000E+1	3.1009E+1	2.9783E+1
2.4250E+1	3.1069E+1	2.9826E+1
2.4500E+1	3.1119E+1	2.9880E+1
2.4750E+1	3.1187E+1	2.9885E+1
2.5000E+1	3.1239E+1	2.9939E+1
2.5250E+1	3.1293E+1	2.9988E+1
2.5500E+1	3.1373E+1	3.0017E+1
2.5750E+1	3.1413E+1	3.0065E+1
2.6000E+1	3.1479E+1	3.0106E+1
2.6250E+1	3.1535E+1	3.0136E+1
2.6500E+1	3.1574E+1	3.0192E+1
2.6750E+1	3.1660E+1	3.0223E+1
2.7000E+1	3.1698E+1	3.0279E+1
2.7250E+1	3.1762E+1	3.0304E+1
2.7500E+1	3.1810E+1	3.0364E+1
2.7750E+1	3.1888E+1	3.0395E+1
2.8000E+1	3.1932E+1	3.0462E+1
2.8250E+1	3.2001E+1	3.0484E+1
2.8500E+1	3.2060E+1	3.0512E+1
2.8750E+1	3.2085E+1	3.0571E+1
2.9000E+1	3.2174E+1	3.0604E+1
2.9250E+1	3.2215E+1	3.0649E+1
2.9500E+1	3.2271E+1	3.0673E+1
2.9750E+1	3.2335E+1	3.0731E+1
3.0000E+1	3.2411E+1	3.0755E+1
3.0250E+1	3.2470E+1	3.0837E+1
3.0500E+1	3.2507E+1	3.0858E+1
3.0750E+1	3.2591E+1	3.0880E+1
3.1000E+1	3.2649E+1	3.0948E+1
3.1250E+1	3.2693E+1	3.0983E+1
3.1500E+1	3.2766E+1	3.1019E+1
3.1750E+1	3.2832E+1	3.1076E+1
3.2000E+1	3.2871E+1	3.1092E+1
3.2250E+1	3.2940E+1	3.1147E+1
3.2500E+1	3.2988E+1	3.1198E+1
3.2750E+1	3.3064E+1	3.1239E+1
3.3000E+1	3.3121E+1	3.1298E+1
3.3250E+1	3.3195E+1	3.1311E+1
3.3500E+1	3.3252E+1	3.1359E+1
3.3750E+1	3.3319E+1	3.1419E+1
3.4000E+1	3.3368E+1	3.1451E+1
3.4250E+1	3.3432E+1	3.1477E+1
3.4500E+1	3.3497E+1	3.1530E+1
3.4750E+1	3.3537E+1	3.1573E+1
3.5000E+1	3.3616E+1	3.1644E+1
3.5250E+1	3.3696E+1	3.1676E+1
3.5500E+1	3.3745E+1	3.1718E+1
3.5750E+1	3.3823E+1	3.1755E+1
3.6000E+1	3.3895E+1	3.1822E+1
3.6250E+1	3.3960E+1	3.1862E+1
3.6500E+1	3.4009E+1	3.1878E+1
3.6750E+1	3.4067E+1	3.1929E+1
3.7000E+1	3.4132E+1	3.1998E+1
3.7250E+1	3.4199E+1	3.2058E+1
3.7500E+1	3.4282E+1	3.2099E+1
3.7750E+1	3.4322E+1	3.2139E+1
3.8000E+1	3.4384E+1	3.2178E+1
3.8250E+1	3.4460E+1	3.2241E+1
3.8500E+1	3.4522E+1	3.2281E+1
3.8750E+1	3.4599E+1	3.2331E+1
3.9000E+1	3.4661E+1	3.2381E+1
3.9250E+1	3.4718E+1	3.2444E+1
3.9500E+1	3.4784E+1	3.2469E+1
3.9750E+1	3.4855E+1	3.2540E+1
4.0000E+1	3.4933E+1	3.2567E+1
4.0250E+1	3.4993E+1	3.2611E+1
4.0500E+1	3.5050E+1	3.2661E+1
4.0750E+1	3.5132E+1	3.2720E+1
4.1000E+1	3.5195E+1	3.2775E+1
4.1250E+1	3.5261E+1	3.2839E+1
4.1500E+1	3.5325E+1	3.2877E+1
4.1750E+1	3.5404E+1	3.2920E+1
4.2000E+1	3.5483E+1	3.2973E+1
4.2250E+1	3.5558E+1	3.3032E+1
4.2500E+1	3.5636E+1	3.3070E+1
4.2750E+1	3.5683E+1	3.3126E+1
4.3000E+1	3.5764E+1	3.3173E+1
4.3250E+1	3.5833E+1	3.3216E+1
4.3500E+1	3.5911E+1	3.3267E+1
4.3750E+1	3.5974E+1	3.3325E+1
4.4000E+1	3.6052E+1	3.3396E+1
4.4250E+1	3.6140E+1	3.3448E+1
4.4500E+1	3.6173E+1	3.3489E+1
4.4750E+1	3.6287E+1	3.3547E+1
4.5000E+1	3.6321E+1	3.3598E+1
4.5250E+1	3.6392E+1	3.3649E+1
4.5500E+1	3.6493E+1	3.3715E+1
4.5750E+1	3.6563E+1	3.3755E+1
4.6000E+1	3.6661E+1	3.3840E+1
4.6250E+1	3.6713E+1	3.3873E+1
4.6500E+1	3.6803E+1	3.3928E+1
4.6750E+1	3.6834E+1	3.3995E+1
4.7000E+1	3.6933E+1	3.4030E+1
4.7250E+1	3.7013E+1	3.4092E+1
4.7500E+1	3.7083E+1	3.4155E+1
4.7750E+1	3.7157E+1	3.4232E+1
4.8000E+1	3.7234E+1	3.4288E+1
4.8250E+1	3.7314E+1	3.4328E+1
4.8500E+1	3.7377E+1	3.4400E+1
4.8750E+1	3.7456E+1	3.4442E+1
4.9000E+1	3.7505E+1	3.4509E+1
4.9250E+1	3.7608E+1	3.4554E+1
4.9500E+1	3.7660E+1	3.4624E+1
4.9750E+1	3.7762E+1	3.4679E+1
5.0000E+1	3.7842E+1	3.4746E+1
5.0250E+1	3.7900E+1	3.4825E+1
5.0500E+1	3.7985E+1	3.4851E+1
5.0750E+1	3.8085E+1	3.4927E+1
5.1000E+1	3.8129E+1	3.4983E+1
5.1250E+1	3.8231E+1	3.5059E+1
5.1500E+1	3.8317E+1	3.5090E+1
5.1750E+1	3.8385E+1	3.5174E+1
5.2000E+1	3.8452E+1	3.5228E+1
5.2250E+1	3.8565E+1	3.5283E+1
5.2500E+1	3.8609E+1	3.5361E+1
5.2750E+1	3.8700E+1	3.5416E+1
5.3000E+1	3.8772E+1	3.5460E+1
5.3250E+1	3.8872E+1	3.5531E+1
5.3500E+1	3.8936E+1	3.5595E+1
5.3750E+1	3.9037E+1	3.5652E+1
5.4000E+1	3.9101E+1	3.5727E+1
5.4250E+1	3.9186E+1	3.5771E+1
5.4500E+1	3.9267E+1	3.5847E+1
5.4750E+1	3.9354E+1	3.5900E+1
5.5000E+1	3.9426E+1	3.5976E+1
5.5250E+1	3.9521E+1	3.6055E+1
5.5500E+1	3.9576E+1	3.6088E+1
5.5750E+1	3.9655E+1	3.6165E+1
5.6000E+1	3.9744E+1	3.6228E+1
5.6250E+1	3.9826E+1	3.6297E+1
5.6500E+1	3.9920E+1	3.6352E+1
5.6750E+1	3.9996E+1	3.6426E+1
5.7000E+1	4.0076E+1	3.6485E+1
5.7250E+1	4.0139E+1	3.6552E+1
5.7500E+1	4.0254E+1	3.6624E+1
5.7750E+1	4.0339E+1	3.6691E+1
5.8000E+1	4.0423E+1	3.6771E+1
5.8250E+1	4.0483E+1	3.6847E+1
5.8500E+1	4.0556E+1	3.6902E+1
5.8750E+1	4.0653E+1	3.6951E+1
5.9000E+1	4.0750E+1	3.7005E+1
5.9250E+1	4.0810E+1	3.7114E+1
5.9500E+1	4.0912E+1	3.7175E+1
5.9750E+1	4.0989E+1	3.7227E+1
6.0000E+1	4.1077E+1	3.7321E+1
6.0250E+1	4.1151E+1	3.7385E+1
6.0500E+1	4.1243E+1	3.7444E+1
6.0750E+1	4.1334E+1	3.7512E+1
6.1000E+1	4.1398E+1	3.7570E+1
6.1250E+1	4.1474E+1	3.7660E+1
6.1500E+1	4.1545E+1	3.7726E+1
6.1750E+1	4.1646E+1	3.7795E+1
6.2000E+1	4.1737E+1	3.7894E+1
6.2250E+1	4.1813E+1	3.7972E+1
6.2500E+1	4.1894E+1	3.8037E+1
6.2750E+1	4.1998E+1	3.8125E+1
6.3000E+1	4.2054E+1	3.8182E+1
6.3250E+1	4.2140E+1	3.8254E+1
6.3500E+1	4.2242E+1	3.8328E+1
6.3750E+1	4.2312E+1	3.8415E+1
6.4000E+1	4.2405E+1	3.8483E+1
6.4250E+1	4.2494E+1	3.8552E+1
6.4500E+1	4.2571E+1	3.8617E+1
6.4750E+1	4.2651E+1	3.8709E+1
6.5000E+1	4.2750E+1	3.8811E+1
6.5250E+1	4.2849E+1	3.8864E+1
6.5500E+1	4.2909E+1	3.8950E+1
6.5750E+1	4.2989E+1	3.9046E+1
6.6000E+1	4.3089E+1	3.9129E+1
6.6250E+1	4.3161E+1	3.9190E+1
6.6500E+1	4.3268E+1	3.9284E+1
6.6750E+1	4.3348E+1	3.9374E+1
6.7000E+1	4.3429E+1	3.9454E+1
6.7250E+1	4.3518E+1	3.9529E+1
6.7500E+1	4.3596E+1	3.9591E+1
6.7750E+1	4.3700E+1	3.9694E+1
6.8000E+1	4.3790E+1	3.9794E+1
6.8250E+1	4.3874E+1	3.9875E+1
6.8500E+1	4.3961E+1	3.9936E+1
6.8750E+1	4.4053E+1	4.0012E+1
6.9000E+1	4.4156E+1	4.0136E+1
6.9250E+1	4.4215E+1	4.0216E+1
6.9500E+1	4.4307E+1	4.0294E+1
6.9750E+1	4.4415E+1	4.0370E+1
7.0000E+1	4.4500E+1	4.0457E+1
7.0250E+1	4.4575E+1	4.0553E+1
7.0500E+1	4.4704E+1	4.0661E+1
7.0750E+1	4.4773E+1	4.0734E+1
7.1000E+1	4.4878E+1	4.0829E+1
7.1250E+1	4.4987E+1	4.0915E+1
7.1500E+1	4.5063E+1	4.1033E+1
7.1750E+1	4.5163E+1	4.1114E+1
7.2000E+1	4.5251E+1	4.1201E+1
7.2250E+1	4.5341E+1	4.1299E+1
7.2500E+1	4.5436E+1	4.1372E+1
7.2750E+1	4.5530E+1	4.1500E+1
7.3000E+1	4.5610E+1	4.1593E+1
7.3250E+1	4.5707E+1	4.1691E+1
7.3500E+1	4.5824E+1	4.1776E+1
7.3750E+1	4.5906E+1	4.1877E+1
7.4000E+1	4.5999E+1	4.1976E+1
7.4250E+1	4.6089E+1	4.2061E+1
7.4500E+1	4.6194E+1	4.2151E+1
7.4750E+1	4.6296E+1	4.2238E+1
7.5000E+1	4.6386E+1	4.2347E+1
7.5250E+1	4.6466E+1	4.2452E+1
7.5500E+1	4.6577E+1	4.2550E+1
7.5750E+1	4.6658E+1	4.2669E+1
7.6000E+1	4.6752E+1	4.2728E+1
7.6250E+1	4.6829E+1	4.2845E+1
7.6500E+1	4.6945E+1	4.2936E+1
7.6750E+1	4.7048E+1	4.3034E+1
7.7000E+1	4.7139E+1	4.3115E+1
7.7250E+1	4.7255E+1	4.3242E+1
7.7500E+1	4.7349E+1	4.3356E+1
7.7750E+1	4.7435E+1	4.3439E+1
7.8000E+1	4.7527E+1	4.3558E+1
7.8250E+1	4.7619E+1	4.3647E+1
7.8500E+1	4.7716E+1	4.3744E+1
7.8750E+1	4.7806E+1	4.3851E+1
7.9000E+1	4.7910E+1	4.3950E+1
7.9250E+1	4.8014E+1	4.4033E+1
7.9500E+1	4.8100E+1	4.4159E+1
7.9750E+1	4.8206E+1	4.4246E+1
8.0000E+1	4.8311E+1	4.4350E+1
8.0250E+1	4.8420E+1	4.4450E+1
8.0500E+1	4.8503E+1	4.4557E+1
8.0750E+1	4.8601E+1	4.4664E+1
8.1000E+1	4.8706E+1	4.4753E+1
8.1250E+1	4.8792E+1	4.4854E+1
8.1500E+1	4.8901E+1	4.4957E+1
8.1750E+1	4.9012E+1	4.5079E+1
8.2000E+1	4.9112E+1	4.5162E+1
8.2250E+1	4.9205E+1	4.5276E+1
8.2500E+1	4.9283E+1	4.5372E+1
8.2750E+1	4.9407E+1	4.5479E+1
8.3000E+1	4.9484E+1	4.5591E+1
8.3250E+1	4.9570E+1	4.5726E+1
8.3500E+1	4.9667E+1	4.5814E+1
8.3750E+1	4.9768E+1	4.5944E+1
8.4000E+1	4.9851E+1	4.6035E+1
8.4250E+1	4.9986E+1	4.6143E+1
8.4500E+1	5.0090E+1	4.6256E+1
8.4750E+1	5.0187E+1	4.6359E+1
8.5000E+1	5.0289E+1	4.6501E+1
8.5250E+1	5.0368E+1	4.6584E+1
8.5500E+1	5.0461E+1	4.6697E+1
8.5750E+1	5.0582E+1	4.6803E+1
8.6000E+1	5.0687E+1	4.6920E+1
8.6250E+1	5.0780E+1	4.7043E+1
8.6500E+1	5.0886E+1	4.7157E+1
8.6750E+1	5.0992E+1	4.7287E+1
8.7000E+1	5.1108E+1	4.7375E+1
8.7250E+1	5.1214E+1	4.7499E+1
8.7500E+1	5.1299E+1	4.7618E+1
8.7750E+1	5.1394E+1	4.7694E+1
8.8000E+1	5.1504E+1	4.7833E+1
8.8250E+1	5.1613E+1	4.7945E+1
8.8500E+1	5.1702E+1	4.8067E+1
8.8750E+1	5.1812E+1	4.8167E+1
8.9000E+1	5.1944E+1	4.8307E+1
8.9250E+1	5.2033E+1	4.8412E+1
8.9500E+1	5.2133E+1	4.8531E+1
8.9750E+1	5.2230E+1	4.8635E+1
9.0000E+1	5.2323E+1	4.8774E+1
9.0250E+1	5.2458E+1	4.8895E+1
9.0500E+1	5.2555E+1	4.8975E+1
9.0750E+1	5.2677E+1	4.9122E+1
9.1000E+1	5.2780E+1	4.9218E+1
9.1250E+1	5.2872E+1	4.9371E+1
9.1500E+1	5.2984E+1	4.9501E+1
9.1750E+1	5.3095E+1	4.9604E+1
9.2000E+1	5.3190E+1	4.9725E+1
9.2250E+1	5.3284E+1	4.9839E+1
9.2500E+1	5.3425E+1	4.9970E+1
9.2750E+1	5.3500E+1	5.0090E+1
9.3000E+1	5.3629E+1	5.0229E+1
9.3250E+1	5.3708E+1	5.0347E+1
9.3500E+1	5.3831E+1	5.0468E+1
9.3750E+1	5.3951E+1	5.0606E+1
9.4000E+1	5.4077E+1	5.0718E+1
9.4250E+1	5.4161E+1	5.0845E+1
9.4500E+1	5.4290E+1	5.0971E+1
9.4750E+1	5.4383E+1	5.1084E+1
9.5000E+1	5.4484E+1	5.1242E+1
9.5250E+1	5.4598E+1	5.1336E+1
9.5500E+1	5.4716E+1	5.1486E+1
9.5750E+1	5.4818E+1	5.1603E+1
9.6000E+1	5.4912E+1	5.1724E+1
9.6250E+1	5.5016E+1	5.1842E+1
9.6500E+1	5.5129E+1	5.1993E+1
9.6750E+1	5.5249E+1	5.2129E+1
9.7000E+1	5.5362E+1	5.2271E+1
9.7250E+1	5.5459E+1	5.2376E+1
9.7500E+1	5.5591E+1	5.2515E+1
9.7750E+1	5.5674E+1	5.2682E+1
9.8000E+1	5.5784E+1	5.2800E+1
9.8250E+1	5.5906E+1	5.2921E+1
9.8500E+1	5.6011E+1	5.3071E+1
9.8750E+1	5.6113E+1	5.3200E+1
9.9000E+1	5.6243E+1	5.3323E+1
9.9250E+1	5.6346E+1	5.3477E+1
9.9500E+1	5.6454E+1	5.3590E+1
9.9750E+1	5.6578E+1	5.3721E+1
1.0000E+2	5.6672E+1	5.3882E+1
1.0025E+2	5.6787E+1	5.4021E+1
1.0050E+2	5.6919E+1	5.4165E+1
1.0075E+2	5.7010E+1	5.4312E+1
1.0100E+2	5.7108E+1	5.4449E+1
1.0125E+2	5.7235E+1	5.4570E+1
1.0150E+2	5.7335E+1	5.4681E+1
1.0175E+2	5.7440E+1	5.4817E+1
1.0200E+2	5.7537E+1	5.4982E+1
1.0225E+2	5.7676E+1	5.5117E+1
1.0250E+2	5.7785E+1	5.5245E+1
1.0275E+2	5.7884E+1	5.5378E+1
1.0300E+2	5.7994E+1	5.5526E+1
1.0325E+2	5.8120E+1	5.5674E+1
1.0350E+2	5.8205E+1	5.5824E+1
1.0375E+2	5.8324E+1	5.5932E+1
1.0400E+2	5.8419E+1	5.6061E+1
1.0425E+2	5.8534E+1	5.6206E+1
1.0450E+2	5.8657E+1	5.6327E+1
1.0475E+2	5.8771E+1	5.6482E+1
1.0500E+2	5.8880E+1	5.6615E+1
1.0525E+2	5.8998E+1	5.6754E+1
1.0550E+2	5.9100E+1	5.6895E+1
1.0575E+2	5.9214E+1	5.7051E+1
1.0600E+2	5.9350E+1	5.7194E+1
1.0625E+2	5.9442E+1	5.7347E+1
1.0650E+2	5.9571E+1	5.7468E+1
1.0675E+2	5.9663E+1	5.7630E+1
1.0700E+2	5.9783E+1	5.7765E+1
1.0725E+2	5.9901E+1	5.7899E+1
1.0750E+2	6.0023E+1	5.8036E+1
1.0775E+2	6.0143E+1	5.8172E+1
1.0800E+2	6.0257E+1	5.8322E+1
1.0825E+2	6.0386E+1	5.8446E+1
1.0850E+2	6.0478E+1	5.8594E+1
1.0875E+2	6.0601E+1	5.8750E+1
1.0900E+2	6.0721E+1	5.8877E+1
1.0925E+2	6.0820E+1	5.9043E+1
1.0950E+2	6.0932E+1	5.9190E+1
1.0975E+2	6.1081E+1	5.9337E+1
1.1000E+2	6.1180E+1	5.9500E+1
1.1025E+2	6.1281E+1	5.9606E+1
1.1050E+2	6.1411E+1	5.9782E+1
1.1075E+2	6.1533E+1	5.9952E+1
1.1100E+2	6.1663E+1	6.0089E+1
1.1125E+2	6.1758E+1	6.0252E+1
1.1150E+2	6.1871E+1	6.0391E+1
1.1175E+2	6.1989E+1	6.0549E+1
1.1200E+2	6.2125E+1	6.0699E+1
1.1225E+2	6.2243E+1	6.0871E+1
1.1250E+2	6.2370E+1	6.1021E+1
1.1275E+2	6.2467E+1	6.1162E+1
1.1300E+2	6.2592E+1	6.1323E+1
1.1325E+2	6.2709E+1	6.1479E+1
1.1350E+2	6.2853E+1	6.1627E+1
1.1375E+2	6.2961E+1	6.1776E+1
1.1400E+2	6.3067E+1	6.1929E+1
1.1425E+2	6.3207E+1	6.2095E+1
1.1450E+2	6.3327E+1	6.2230E+1
1.1475E+2	6.3465E+1	6.2405E+1
1.1500E+2	6.3580E+1	6.2534E+1
1.1525E+2	6.3705E+1	6.2675E+1
1.1550E+2	6.3823E+1	6.2834E+1
1.1575E+2	6.3940E+1	6.2995E+1
1.1600E+2	6.4066E+1	6.3126E+1
1.1625E+2	6.4189E+1	6.3317E+1
1.1650E+2	6.4333E+1	6.3453E+1
1.1675E+2	6.4419E+1	6.3611E+1
1.1700E+2	6.4578E+1	6.3758E+1
1.1725E+2	6.4676E+1	6.3921E+1
1.1750E+2	6.4797E+1	6.4078E+1
1.1775E+2	6.4926E+1	6.4227E+1
1.1800E+2	6.5070E+1	6.4402E+1
1.1825E+2	6.5211E+1	6.4554E+1
1.1850E+2	6.5305E+1	6.4691E+1
1.1875E+2	6.5450E+1	6.4854E+1
1.1900E+2	6.5569E+1	6.5017E+1
1.1925E+2	6.5704E+1	6.5191E+1
1.1950E+2	6.5823E+1	6.5320E+1
1.1975E+2	6.5962E+1	6.5480E+1
1.2000E+2	6.6100E+1	6.5656E+1
1.2025E+2	6.6230E+1	6.5798E+1
1.2050E+2	6.6350E+1	6.5975E+1
1.2075E+2	6.6473E+1	6.6127E+1
1.2100E+2	6.6627E+1	6.6296E+1
1.2125E+2	6.6756E+1	6.6432E+1
1.2150E+2	6.6881E+1	6.6616E+1
1.2175E+2	6.7006E+1	6.6756E+1
1.2200E+2	6.7114E+1	6.6902E+1
1.2225E+2	6.7256E+1	6.7081E+1
1.2250E+2	6.7392E+1	6.7257E+1
1.2275E+2	6.7528E+1	6.7400E+1
1.2300E+2	6.7648E+1	6.7585E+1
1.2325E+2	6.7760E+1	6.7721E+1
1.2350E+2	6.7905E+1	6.7861E+1
1.2375E+2	6.8022E+1	6.8055E+1
1.2400E+2	6.8157E+1	6.8201E+1
1.2425E+2	6.8278E+1	6.8357E+1
1.2450E+2	6.8400E+1	6.8510E+1
1.2475E+2	6.8534E+1	6.8692E+1
1.2500E+2	6.8691E+1	6.8850E+1
1.2525E+2	6.8808E+1	6.9026E+1
1.2550E+2	6.8927E+1	6.9165E+1
1.2575E+2	6.9049E+1	6.9343E+1
1.2600E+2	6.9206E+1	6.9513E+1
1.2625E+2	6.9315E+1	6.9658E+1
1.2650E+2	6.9435E+1	6.9846E+1
1.2675E+2	6.9574E+1	7.0003E+1
1.2700E+2	6.9719E+1	7.0187E+1
1.2725E+2	6.9821E+1	7.0342E+1
1.2750E+2	6.9955E+1	7.0508E+1
1.2775E+2	7.0096E+1	7.0691E+1
1.2800E+2	7.0197E+1	7.0836E+1
1.2825E+2	7.0342E+1	7.1017E+1
1.2850E+2	7.0483E+1	7.1183E+1
1.2875E+2	7.0589E+1	7.1340E+1
1.2900E+2	7.0726E+1	7.1505E+1
1.2925E+2	7.0860E+1	7.1692E+1
1.2950E+2	7.0954E+1	7.1863E+1
1.2975E+2	7.1104E+1	7.2016E+1
1.3000E+2	7.1255E+1	7.2178E+1
1.3025E+2	7.1363E+1	7.2354E+1
1.3050E+2	7.1520E+1	7.2536E+1
1.3075E+2	7.1655E+1	7.2703E+1
1.3100E+2	7.1734E+1	7.2870E+1
1.3125E+2	7.1882E+1	7.3036E+1
1.3150E+2	7.2030E+1	7.3209E+1
1.3175E+2	7.2135E+1	7.3362E+1
1.3200E+2	7.2293E+1	7.3548E+1
1.3225E+2	7.2429E+1	7.3720E+1
1.3250E+2	7.2546E+1	7.3884E+1
1.3275E+2	7.2683E+1	7.4066E+1
1.3300E+2	7.2823E+1	7.4238E+1
1.3325E+2	7.2945E+1	7.4404E+1
1.3350E+2	7.3063E+1	7.4589E+1
1.3375E+2	7.3201E+1	7.4752E+1
1.3400E+2	7.3347E+1	7.4915E+1
1.3425E+2	7.3479E+1	7.5079E+1
1.3450E+2	7.3601E+1	7.5276E+1
1.3475E+2	7.3743E+1	7.5455E+1
1.3500E+2	7.3860E+1	7.5616E+1
1.3525E+2	7.4000E+1	7.5806E+1
1.3550E+2	7.4122E+1	7.5980E+1
1.3575E+2	7.4259E+1	7.6138E+1
1.3600E+2	7.4410E+1	7.6331E+1
1.3625E+2	7.4534E+1	7.6511E+1
1.3650E+2	7.4644E+1	7.6671E+1
1.3675E+2	7.4785E+1	7.6875E+1
1.3700E+2	7.4931E+1	7.7022E+1
1.3725E+2	7.5023E+1	7.7212E+1
1.3750E+2	7.5175E+1	7.7396E+1
1.3775E+2	7.5309E+1	7.7581E+1
1.3800E+2	7.5433E+1	7.7746E+1
1.3825E+2	7.5539E+1	7.7913E+1
1.3850E+2	7.5681E+1	7.8115E+1
1.3875E+2	7.5798E+1	7.8298E+1
1.3900E+2	7.5925E+1	7.8448E+1
1.3925E+2	7.6060E+1	7.8645E+1
1.3950E+2	7.6179E+1	7.8824E+1
1.3975E+2	7.6307E+1	7.9017E+1
