0.0000E+0	3.4012E+1	3.0302E+1
2.5000E-1	3.4059E+1	3.0368E+1
5.0000E-1	3.4086E+1	3.0402E+1
7.5000E-1	3.4137E+1	3.0423E+1
1.0000E+0	3.4206E+1	3.0481E+1
1.2500E+0	3.4233E+1	3.0517E+1
1.5000E+0	3.4287E+1	3.0595E+1
1.7500E+0	3.4347E+1	3.0632E+1
2.0000E+0	3.4382E+1	3.0690E+1
2.2500E+0	3.4431E+1	3.0716E+1
2.5000E+0	3.4471E+1	3.0755E+1
2.7500E+0	3.4530E+1	3.0816E+1
3.0000E+0	3.4564E+1	3.0867E+1
3.2500E+0	3.4619E+1	3.0893E+1
3.5000E+0	3.4667E+1	3.0973E+1
3.7500E+0	3.4720E+1	3.0997E+1
4.0000E+0	3.4770E+1	3.1043E+1
4.2500E+0	3.4818E+1	3.1089E+1
4.5000E+0	3.4854E+1	3.1143E+1
4.7500E+0	3.4917E+1	3.1187E+1
5.0000E+0	3.4966E+1	3.1237E+1
5.2500E+0	3.5025E+1	3.1292E+1
5.5000E+0	3.5060E+1	3.1330E+1
5.7500E+0	3.5097E+1	3.1388E+1
6.0000E+0	3.5175E+1	3.1415E+1
6.2500E+0	3.5209E+1	3.1482E+1
6.5000E+0	3.5274E+1	3.1523E+1
6.7500E+0	3.5333E+1	3.1582E+1
7.0000E+0	3.5373E+1	3.1602E+1
7.2500E+0	3.5436E+1	3.1678E+1
7.5000E+0	3.5484E+1	3.1723E+1
7.7500E+0	3.5543E+1	3.1772E+1
8.0000E+0	3.5612E+1	3.1792E+1
8.2500E+0	3.5648E+1	3.1855E+1
8.5000E+0	3.5716E+1	3.1916E+1
8.7500E+0	3.5771E+1	3.1979E+1
9.0000E+0	3.5810E+1	3.2017E+1
9.2500E+0	3.5874E+1	3.2068E+1
9.5000E+0	3.5924E+1	3.2112E+1
9.7500E+0	3.5974E+1	3.2154E+1
1.0000E+1	3.6069E+1	3.2242E+1
1.0250E+1	3.6102E+1	3.2254E+1
1.0500E+1	3.6144E+1	3.2323E+1
1.0750E+1	3.6221E+1	3.2378E+1
1.1000E+1	3.6259E+1	3.2402E+1
1.1250E+1	3.6311E+1	3.2479E+1
1.1500E+1	3.6384E+1	3.2536E+1
1.1750E+1	3.6432E+1	3.2573E+1
1.2000E+1	3.6501E+1	3.2630E+1
1.2250E+1	3.6556E+1	3.2681E+1
1.2500E+1	3.6620E+1	3.2738E+1
1.2750E+1	3.6668E+1	3.2766E+1
1.3000E+1	3.6729E+1	3.2832E+1
1.3250E+1	3.6789E+1	3.2872E+1
1.3500E+1	3.6847E+1	3.2933E+1
1.3750E+1	3.6917E+1	3.3027E+1
1.4000E+1	3.6981E+1	3.3041E+1
1.4250E+1	3.7048E+1	3.3093E+1
1.4500E+1	3.7101E+1	3.3126E+1
1.4750E+1	3.7155E+1	3.3204E+1
1.5000E+1	3.7220E+1	3.3253E+1
1.5250E+1	3.7293E+1	3.3300E+1
1.5500E+1	3.7368E+1	3.3357E+1
1.5750E+1	3.7412E+1	3.3428E+1
1.6000E+1	3.7478E+1	3.3466E+1
1.6250E+1	3.7540E+1	3.3527E+1
1.6500E+1	3.7593E+1	3.3571E+1
1.6750E+1	3.7650E+1	3.3635E+1
1.7000E+1	3.7706E+1	3.3678E+1
1.7250E+1	3.7784E+1	3.3721E+1
1.7500E+1	3.7846E+1	3.3792E+1
1.7750E+1	3.7906E+1	3.3854E+1
1.8000E+1	3.7962E+1	3.3905E+1
1.8250E+1	3.8030E+1	3.3946E+1
1.8500E+1	3.8106E+1	3.3985E+1
1.8750E+1	3.8146E+1	3.4060E+1
1.9000E+1	3.8206E+1	3.4107E+1
1.9250E+1	3.8265E+1	3.4161E+1
1.9500E+1	3.8332E+1	3.4206E+1
1.9750E+1	3.8384E+1	3.4276E+1
2.0000E+1	3.8468E+1	3.4340E+1
2.0250E+1	3.8511E+1	3.4380E+1
2.0500E+1	3.8598E+1	3.4421E+1
2.0750E+1	3.8665E+1	3.4493E+1
2.1000E+1	3.8710E+1	3.4541E+1
2.1250E+1	3.8798E+1	3.4600E+1
2.1500E+1	3.8843E+1	3.4662E+1
2.1750E+1	3.8896E+1	3.4726E+1
2.2000E+1	3.8985E+1	3.4756E+1
2.2250E+1	3.9039E+1	3.4835E+1
2.2500E+1	3.9093E+1	3.4895E+1
2.2750E+1	3.9189E+1	3.4930E+1
2.3000E+1	3.9256E+1	3.5001E+1
2.3250E+1	3.9308E+1	3.5047E+1
2.3500E+1	3.9382E+1	3.5106E+1
2.3750E+1	3.9428E+1	3.5166E+1
2.4000E+1	3.9499E+1	3.5236E+1
2.4250E+1	3.9574E+1	3.5302E+1
2.4500E+1	3.9635E+1	3.5341E+1
2.4750E+1	3.9698E+1	3.5411E+1
2.5000E+1	3.9761E+1	3.5477E+1
2.5250E+1	3.9842E+1	3.5529E+1
2.5500E+1	3.9887E+1	3.5599E+1
2.5750E+1	3.9943E+1	3.5641E+1
2.6000E+1	4.0005E+1	3.5670E+1
2.6250E+1	4.0094E+1	3.5764E+1
2.6500E+1	4.0147E+1	3.5835E+1
2.6750E+1	4.0239E+1	3.5875E+1
2.7000E+1	4.0309E+1	3.5921E+1
2.7250E+1	4.0373E+1	3.5987E+1
2.7500E+1	4.0414E+1	3.6034E+1
2.7750E+1	4.0503E+1	3.6084E+1
2.8000E+1	4.0569E+1	3.6162E+1
2.8250E+1	4.0623E+1	3.6185E+1
2.8500E+1	4.0730E+1	3.6260E+1
2.8750E+1	4.0799E+1	3.6320E+1
2.9000E+1	4.0843E+1	3.6373E+1
2.9250E+1	4.0915E+1	3.6440E+1
2.9500E+1	4.0985E+1	3.6472E+1
2.9750E+1	4.1057E+1	3.6541E+1
3.0000E+1	4.1115E+1	3.6591E+1
3.0250E+1	4.1204E+1	3.6660E+1
3.0500E+1	4.1246E+1	3.6711E+1
3.0750E+1	4.1341E+1	3.6759E+1
3.1000E+1	4.1384E+1	3.6828E+1
3.1250E+1	4.1476E+1	3.6877E+1
3.1500E+1	4.1545E+1	3.6924E+1
3.1750E+1	4.1595E+1	3.6969E+1
3.2000E+1	4.1662E+1	3.7020E+1
3.2250E+1	4.1716E+1	3.7089E+1
3.2500E+1	4.1812E+1	3.7135E+1
3.2750E+1	4.1878E+1	3.7212E+1
3.3000E+1	4.1938E+1	3.7227E+1
3.3250E+1	4.2014E+1	3.7313E+1
3.3500E+1	4.2098E+1	3.7384E+1
3.3750E+1	4.2138E+1	3.7426E+1
3.4000E+1	4.2231E+1	3.7467E+1
3.4250E+1	4.2285E+1	3.7519E+1
3.4500E+1	4.2342E+1	3.7564E+1
3.4750E+1	4.2429E+1	3.7623E+1
3.5000E+1	4.2480E+1	3.7679E+1
3.5250E+1	4.2574E+1	3.7754E+1
3.5500E+1	4.2640E+1	3.7797E+1
3.5750E+1	4.2704E+1	3.7848E+1
3.6000E+1	4.2751E+1	3.7909E+1
3.6250E+1	4.2833E+1	3.7966E+1
3.6500E+1	4.2902E+1	3.8008E+1
3.6750E+1	4.2935E+1	3.8063E+1
3.7000E+1	4.3034E+1	3.8106E+1
3.7250E+1	4.3120E+1	3.8190E+1
3.7500E+1	4.3171E+1	3.8234E+1
3.7750E+1	4.3246E+1	3.8284E+1
3.8000E+1	4.3310E+1	3.8340E+1
3.8250E+1	4.3378E+1	3.8414E+1
3.8500E+1	4.3465E+1	3.8443E+1
3.8750E+1	4.3513E+1	3.8525E+1
3.9000E+1	4.3577E+1	3.8558E+1
3.9250E+1	4.3683E+1	3.8605E+1
3.9500E+1	4.3732E+1	3.8698E+1
3.9750E+1	4.3786E+1	3.8745E+1
4.0000E+1	4.3880E+1	3.8802E+1
4.0250E+1	4.3940E+1	3.8879E+1
4.0500E+1	4.4021E+1	3.8908E+1
4.0750E+1	4.4083E+1	3.8989E+1
4.1000E+1	4.4160E+1	3.9016E+1
4.1250E+1	4.4252E+1	3.9099E+1
4.1500E+1	4.4308E+1	3.9161E+1
4.1750E+1	4.4386E+1	3.9194E+1
4.2000E+1	4.4465E+1	3.9264E+1
4.2250E+1	4.4563E+1	3.9303E+1
4.2500E+1	4.4601E+1	3.9377E+1
4.2750E+1	4.4675E+1	3.9416E+1
4.3000E+1	4.4753E+1	3.9492E+1
4.3250E+1	4.4848E+1	3.9561E+1
4.3500E+1	4.4906E+1	3.9610E+1
4.3750E+1	4.4970E+1	3.9668E+1
4.4000E+1	4.5063E+1	3.9729E+1
4.4250E+1	4.5142E+1	3.9781E+1
4.4500E+1	4.5207E+1	3.9846E+1
4.4750E+1	4.5278E+1	3.9905E+1
4.5000E+1	4.5358E+1	3.9969E+1
4.5250E+1	4.5422E+1	4.0017E+1
4.5500E+1	4.5501E+1	4.0063E+1
4.5750E+1	4.5573E+1	4.0130E+1
4.6000E+1	4.5643E+1	4.0183E+1
4.6250E+1	4.5733E+1	4.0248E+1
4.6500E+1	4.5817E+1	4.0307E+1
4.6750E+1	4.5864E+1	4.0361E+1
4.7000E+1	4.5968E+1	4.0418E+1
4.7250E+1	4.6044E+1	4.0455E+1
4.7500E+1	4.6089E+1	4.0521E+1
4.7750E+1	4.6171E+1	4.0587E+1
4.8000E+1	4.6232E+1	4.0644E+1
4.8250E+1	4.6358E+1	4.0706E+1
4.8500E+1	4.6411E+1	4.0774E+1
4.8750E+1	4.6478E+1	4.0805E+1
4.9000E+1	4.6572E+1	4.0858E+1
4.9250E+1	4.6638E+1	4.0951E+1
4.9500E+1	4.6703E+1	4.1013E+1
4.9750E+1	4.6799E+1	4.1037E+1
5.0000E+1	4.6883E+1	4.1121E+1
5.0250E+1	4.6985E+1	4.1154E+1
5.0500E+1	4.7012E+1	4.1238E+1
5.0750E+1	4.7096E+1	4.1292E+1
5.1000E+1	4.7173E+1	4.1329E+1
5.1250E+1	4.7270E+1	4.1415E+1
5.1500E+1	4.7340E+1	4.1471E+1
5.1750E+1	4.7417E+1	4.1518E+1
5.2000E+1	4.7493E+1	4.1601E+1
5.2250E+1	4.7593E+1	4.1662E+1
5.2500E+1	4.7654E+1	4.1730E+1
5.2750E+1	4.7740E+1	4.1806E+1
5.3000E+1	4.7819E+1	4.1850E+1
5.3250E+1	4.7883E+1	4.1920E+1
5.3500E+1	4.7972E+1	4.1972E+1
5.3750E+1	4.8055E+1	4.2037E+1
5.4000E+1	4.8127E+1	4.2107E+1
5.4250E+1	4.8210E+1	4.2196E+1
5.4500E+1	4.8297E+1	4.2219E+1
5.4750E+1	4.8379E+1	4.2314E+1
5.5000E+1	4.8469E+1	4.2380E+1
5.5250E+1	4.8537E+1	4.2432E+1
5.5500E+1	4.8624E+1	4.2492E+1
5.5750E+1	4.8689E+1	4.2572E+1
5.6000E+1	4.8789E+1	4.2614E+1
5.6250E+1	4.8848E+1	4.2696E+1
5.6500E+1	4.8941E+1	4.2788E+1
5.6750E+1	4.9010E+1	4.2837E+1
5.7000E+1	4.9105E+1	4.2900E+1
5.7250E+1	4.9170E+1	4.2981E+1
5.7500E+1	4.9280E+1	4.3044E+1
5.7750E+1	4.9370E+1	4.3118E+1
5.8000E+1	4.9427E+1	4.3177E+1
5.8250E+1	4.9519E+1	4.3244E+1
5.8500E+1	4.9604E+1	4.3316E+1
5.8750E+1	4.9678E+1	4.3405E+1
5.9000E+1	4.9739E+1	4.3454E+1
5.9250E+1	4.9851E+1	4.3524E+1
5.9500E+1	4.9928E+1	4.3607E+1
5.9750E+1	5.0019E+1	4.3674E+1
6.0000E+1	5.0087E+1	4.3738E+1
6.0250E+1	5.0174E+1	4.3786E+1
6.0500E+1	5.0251E+1	4.3863E+1
6.0750E+1	5.0326E+1	4.3947E+1
6.1000E+1	5.0409E+1	4.4006E+1
6.1250E+1	5.0493E+1	4.4083E+1
6.1500E+1	5.0581E+1	4.4154E+1
6.1750E+1	5.0684E+1	4.4214E+1
6.2000E+1	5.0755E+1	4.4288E+1
6.2250E+1	5.0829E+1	4.4361E+1
6.2500E+1	5.0911E+1	4.4428E+1
6.2750E+1	5.1017E+1	4.4509E+1
6.3000E+1	5.1091E+1	4.4555E+1
6.3250E+1	5.1175E+1	4.4636E+1
6.3500E+1	5.1240E+1	4.4676E+1
6.3750E+1	5.1343E+1	4.4793E+1
6.4000E+1	5.1426E+1	4.4874E+1
6.4250E+1	5.1507E+1	4.4922E+1
6.4500E+1	5.1587E+1	4.4998E+1
6.4750E+1	5.1663E+1	4.5080E+1
6.5000E+1	5.1766E+1	4.5143E+1
6.5250E+1	5.1853E+1	4.5218E+1
6.5500E+1	5.1937E+1	4.5311E+1
6.5750E+1	5.2012E+1	4.5403E+1
6.6000E+1	5.2101E+1	4.5441E+1
6.6250E+1	5.2165E+1	4.5520E+1
6.6500E+1	5.2284E+1	4.5597E+1
6.6750E+1	5.2378E+1	4.5685E+1
6.7000E+1	5.2435E+1	4.5765E+1
6.7250E+1	5.2522E+1	4.5835E+1
6.7500E+1	5.2632E+1	4.5896E+1
6.7750E+1	5.2709E+1	4.5988E+1
6.8000E+1	5.2781E+1	4.6038E+1
6.8250E+1	5.2890E+1	4.6120E+1
6.8500E+1	5.2964E+1	4.6194E+1
6.8750E+1	5.3077E+1	4.6259E+1
6.9000E+1	5.3151E+1	4.6332E+1
6.9250E+1	5.3239E+1	4.6418E+1
6.9500E+1	5.3340E+1	4.6489E+1
6.9750E+1	5.3424E+1	4.6572E+1
7.0000E+1	5.3494E+1	4.6653E+1
7.0250E+1	5.3599E+1	4.6734E+1
7.0500E+1	5.3652E+1	4.6795E+1
7.0750E+1	5.3769E+1	4.6881E+1
7.1000E+1	5.3837E+1	4.6956E+1
7.1250E+1	5.3940E+1	4.7020E+1
7.1500E+1	5.4025E+1	4.7114E+1
7.1750E+1	5.4115E+1	4.7186E+1
7.2000E+1	5.4203E+1	4.7261E+1
7.2250E+1	5.4311E+1	4.7337E+1
7.2500E+1	5.4398E+1	4.7433E+1
7.2750E+1	5.4474E+1	4.7495E+1
7.3000E+1	5.4548E+1	4.7581E+1
7.3250E+1	5.4646E+1	4.7677E+1
7.3500E+1	5.4719E+1	4.7716E+1
7.3750E+1	5.4821E+1	4.7826E+1
7.4000E+1	5.4898E+1	4.7911E+1
7.4250E+1	5.4999E+1	4.7968E+1
7.4500E+1	5.5093E+1	4.8053E+1
7.4750E+1	5.5203E+1	4.8152E+1
7.5000E+1	5.5260E+1	4.8214E+1
7.5250E+1	5.5347E+1	4.8300E+1
7.5500E+1	5.5442E+1	4.8401E+1
7.5750E+1	5.5529E+1	4.8504E+1
7.6000E+1	5.5609E+1	4.8554E+1
7.6250E+1	5.5730E+1	4.8650E+1
7.6500E+1	5.5825E+1	4.8739E+1
7.6750E+1	5.5921E+1	4.8817E+1
7.7000E+1	5.5984E+1	4.8926E+1
7.7250E+1	5.6087E+1	4.8986E+1
7.7500E+1	5.6176E+1	4.9092E+1
7.7750E+1	5.6283E+1	4.9181E+1
7.8000E+1	5.6364E+1	4.9265E+1
7.8250E+1	5.6451E+1	4.9348E+1
7.8500E+1	5.6555E+1	4.9459E+1
7.8750E+1	5.6653E+1	4.9543E+1
7.9000E+1	5.6739E+1	4.9634E+1
7.9250E+1	5.6836E+1	4.9703E+1
7.9500E+1	5.6916E+1	4.9794E+1
7.9750E+1	5.7042E+1	4.9915E+1
8.0000E+1	5.7119E+1	5.0007E+1
8.0250E+1	5.7212E+1	5.0097E+1
8.0500E+1	5.7319E+1	5.0187E+1
8.0750E+1	5.7382E+1	5.0293E+1
8.1000E+1	5.7507E+1	5.0351E+1
8.1250E+1	5.7592E+1	5.0456E+1
8.1500E+1	5.7676E+1	5.0562E+1
8.1750E+1	5.7772E+1	5.0669E+1
8.2000E+1	5.7869E+1	5.0752E+1
8.2250E+1	5.7936E+1	5.0843E+1
8.2500E+1	5.8049E+1	5.0930E+1
8.2750E+1	5.8159E+1	5.1040E+1
8.3000E+1	5.8225E+1	5.1125E+1
8.3250E+1	5.8338E+1	5.1226E+1
8.3500E+1	5.8439E+1	5.1332E+1
8.3750E+1	5.8544E+1	5.1421E+1
8.4000E+1	5.8634E+1	5.1508E+1
8.4250E+1	5.8715E+1	5.1619E+1
8.4500E+1	5.8806E+1	5.1719E+1
8.4750E+1	5.8903E+1	5.1801E+1
8.5000E+1	5.8974E+1	5.1889E+1
8.5250E+1	5.9098E+1	5.2011E+1
8.5500E+1	5.9191E+1	5.2111E+1
8.5750E+1	5.9299E+1	5.2187E+1
8.6000E+1	5.9364E+1	5.2313E+1
8.6250E+1	5.9487E+1	5.2384E+1
8.6500E+1	5.9569E+1	5.2476E+1
8.6750E+1	5.9654E+1	5.2596E+1
8.7000E+1	5.9760E+1	5.2698E+1
8.7250E+1	5.9844E+1	5.2792E+1
8.7500E+1	5.9940E+1	5.2914E+1
8.7750E+1	6.0023E+1	5.3032E+1
8.8000E+1	6.0135E+1	5.3112E+1
8.8250E+1	6.0210E+1	5.3237E+1
8.8500E+1	6.0333E+1	5.3344E+1
8.8750E+1	6.0419E+1	5.3422E+1
8.9000E+1	6.0518E+1	5.3531E+1
8.9250E+1	6.0612E+1	5.3635E+1
8.9500E+1	6.0688E+1	5.3730E+1
8.9750E+1	6.0802E+1	5.3840E+1
9.0000E+1	6.0902E+1	5.3972E+1
9.0250E+1	6.0989E+1	5.4052E+1
9.0500E+1	6.1074E+1	5.4152E+1
9.0750E+1	6.1173E+1	5.4264E+1
9.1000E+1	6.1273E+1	5.4362E+1
9.1250E+1	6.1358E+1	5.4461E+1
9.1500E+1	6.1491E+1	5.4604E+1
9.1750E+1	6.1575E+1	5.4666E+1
9.2000E+1	6.1688E+1	5.4778E+1
9.2250E+1	6.1781E+1	5.4897E+1
9.2500E+1	6.1861E+1	5.5011E+1
9.2750E+1	6.1984E+1	5.5117E+1
9.3000E+1	6.2072E+1	5.5220E+1
9.3250E+1	6.2173E+1	5.5345E+1
9.3500E+1	6.2266E+1	5.5451E+1
9.3750E+1	6.2363E+1	5.5555E+1
9.4000E+1	6.2476E+1	5.5666E+1
9.4250E+1	6.2577E+1	5.5774E+1
9.4500E+1	6.2688E+1	5.5898E+1
9.4750E+1	6.2782E+1	5.5995E+1
9.5000E+1	6.2886E+1	5.6134E+1
9.5250E+1	6.2996E+1	5.6245E+1
9.5500E+1	6.3100E+1	5.6343E+1
9.5750E+1	6.3197E+1	5.6459E+1
9.6000E+1	6.3314E+1	5.6569E+1
9.6250E+1	6.3386E+1	5.6687E+1
9.6500E+1	6.3505E+1	5.6799E+1
9.6750E+1	6.3594E+1	5.6928E+1
9.7000E+1	6.3720E+1	5.7038E+1
9.7250E+1	6.3810E+1	5.7155E+1
9.7500E+1	6.3916E+1	5.7247E+1
9.7750E+1	6.4016E+1	5.7400E+1
9.8000E+1	6.4116E+1	5.7496E+1
9.8250E+1	6.4216E+1	5.7584E+1
9.8500E+1	6.4314E+1	5.7731E+1
9.8750E+1	6.4415E+1	5.7830E+1
9.9000E+1	6.4527E+1	5.7938E+1
9.9250E+1	6.4616E+1	5.8062E+1
9.9500E+1	6.4732E+1	5.8179E+1
9.9750E+1	6.4836E+1	5.8297E+1
1.0000E+2	6.4956E+1	5.8406E+1
1.0025E+2	6.5049E+1	5.8512E+1
1.0050E+2	6.5148E+1	5.8648E+1
1.0075E+2	6.5241E+1	5.8761E+1
1.0100E+2	6.5345E+1	5.8877E+1
1.0125E+2	6.5474E+1	5.9016E+1
1.0150E+2	6.5577E+1	5.9133E+1
1.0175E+2	6.5667E+1	5.9234E+1
1.0200E+2	6.5786E+1	5.9365E+1
1.0225E+2	6.5880E+1	5.9476E+1
1.0250E+2	6.5964E+1	5.9617E+1
1.0275E+2	6.6077E+1	5.9733E+1
1.0300E+2	6.6171E+1	5.9858E+1
1.0325E+2	6.6272E+1	5.9981E+1
1.0350E+2	6.6400E+1	6.0076E+1
1.0375E+2	6.6505E+1	6.0214E+1
1.0400E+2	6.6616E+1	6.0324E+1
1.0425E+2	6.6698E+1	6.0459E+1
1.0450E+2	6.6800E+1	6.0576E+1
1.0475E+2	6.6898E+1	6.0691E+1
1.0500E+2	6.7027E+1	6.0810E+1
1.0525E+2	6.7135E+1	6.0938E+1
1.0550E+2	6.7252E+1	6.1067E+1
1.0575E+2	6.7345E+1	6.1177E+1
1.0600E+2	6.7456E+1	6.1301E+1
1.0625E+2	6.7579E+1	6.1425E+1
1.0650E+2	6.7694E+1	6.1563E+1
1.0675E+2	6.7776E+1	6.1650E+1
1.0700E+2	6.7904E+1	6.1777E+1
1.0725E+2	6.8006E+1	6.1914E+1
1.0750E+2	6.8123E+1	6.2029E+1
1.0775E+2	6.8227E+1	6.2169E+1
1.0800E+2	6.8326E+1	6.2297E+1
1.0825E+2	6.8428E+1	6.2405E+1
1.0850E+2	6.8545E+1	6.2507E+1
1.0875E+2	6.8657E+1	6.2654E+1
1.0900E+2	6.8747E+1	6.2765E+1
1.0925E+2	6.8854E+1	6.2879E+1
1.0950E+2	6.8953E+1	6.3038E+1
1.0975E+2	6.9101E+1	6.3153E+1
1.1000E+2	6.9206E+1	6.3284E+1
1.1025E+2	6.9315E+1	6.3404E+1
1.1050E+2	6.9411E+1	6.3519E+1
1.1075E+2	6.9522E+1	6.3629E+1
1.1100E+2	6.9632E+1	6.3777E+1
1.1125E+2	6.9737E+1	6.3892E+1
1.1150E+2	6.9851E+1	6.4033E+1
1.1175E+2	6.9967E+1	6.4164E+1
1.1200E+2	7.0071E+1	6.4260E+1
1.1225E+2	7.0195E+1	6.4401E+1
1.1250E+2	7.0299E+1	6.4514E+1
1.1275E+2	7.0407E+1	6.4649E+1
1.1300E+2	7.0500E+1	6.4783E+1
1.1325E+2	7.0626E+1	6.4923E+1
1.1350E+2	7.0715E+1	6.5046E+1
1.1375E+2	7.0873E+1	6.5161E+1
1.1400E+2	7.0941E+1	6.5312E+1
1.1425E+2	7.1060E+1	6.5435E+1
1.1450E+2	7.1195E+1	6.5563E+1
1.1475E+2	7.1268E+1	6.5679E+1
1.1500E+2	7.1395E+1	6.5825E+1
1.1525E+2	7.1527E+1	6.5955E+1
1.1550E+2	7.1640E+1	6.6080E+1
1.1575E+2	7.1760E+1	6.6209E+1
1.1600E+2	7.1856E+1	6.6331E+1
1.1625E+2	7.1945E+1	6.6453E+1
1.1650E+2	7.2080E+1	6.6600E+1
1.1675E+2	7.2186E+1	6.6725E+1
1.1700E+2	7.2316E+1	6.6860E+1
1.1725E+2	7.2418E+1	6.6978E+1
1.1750E+2	7.2532E+1	6.7128E+1
1.1775E+2	7.2659E+1	6.7248E+1
1.1800E+2	7.2762E+1	6.7392E+1
1.1825E+2	7.2881E+1	6.7518E+1
1.1850E+2	7.2989E+1	6.7643E+1
1.1875E+2	7.3113E+1	6.7780E+1
1.1900E+2	7.3225E+1	6.7919E+1
1.1925E+2	7.3329E+1	6.8054E+1
1.1950E+2	7.3448E+1	6.8221E+1
1.1975E+2	7.3580E+1	6.8301E+1
1.2000E+2	7.3690E+1	6.8468E+1
1.2025E+2	7.3805E+1	6.8608E+1
1.2050E+2	7.3941E+1	6.8740E+1
1.2075E+2	7.4041E+1	6.8886E+1
1.2100E+2	7.4166E+1	6.9028E+1
1.2125E+2	7.4302E+1	6.9151E+1
1.2150E+2	7.4425E+1	6.9304E+1
1.2175E+2	7.4536E+1	6.9442E+1
1.2200E+2	7.4667E+1	6.9580E+1
1.2225E+2	7.4790E+1	6.9724E+1
1.2250E+2	7.4885E+1	6.9875E+1
1.2275E+2	7.5013E+1	7.0006E+1
1.2300E+2	7.5150E+1	7.0153E+1
1.2325E+2	7.5253E+1	7.0291E+1
1.2350E+2	7.5372E+1	7.0435E+1
1.2375E+2	7.5486E+1	7.0590E+1
1.2400E+2	7.5584E+1	7.0727E+1
1.2425E+2	7.5719E+1	7.0848E+1
1.2450E+2	7.5852E+1	7.1023E+1
1.2475E+2	7.5965E+1	7.1170E+1
1.2500E+2	7.6053E+1	7.1321E+1
1.2525E+2	7.6206E+1	7.1460E+1
1.2550E+2	7.6316E+1	7.1621E+1
1.2575E+2	7.6434E+1	7.1764E+1
1.2600E+2	7.6553E+1	7.1920E+1
1.2625E+2	7.6670E+1	7.2067E+1
1.2650E+2	7.6772E+1	7.2226E+1
1.2675E+2	7.6874E+1	7.2353E+1
1.2700E+2	7.7019E+1	7.2487E+1
1.2725E+2	7.7114E+1	7.2651E+1
1.2750E+2	7.7230E+1	7.2790E+1
1.2775E+2	7.7357E+1	7.2967E+1
1.2800E+2	7.7479E+1	7.3083E+1
1.2825E+2	7.7573E+1	7.3242E+1
1.2850E+2	7.7716E+1	7.3385E+1
1.2875E+2	7.7812E+1	7.3548E+1
1.2900E+2	7.7951E+1	7.3706E+1
1.2925E+2	7.8041E+1	7.3838E+1
1.2950E+2	7.8175E+1	7.3998E+1
1.2975E+2	7.8284E+1	7.4142E+1
1.3000E+2	7.8420E+1	7.4296E+1
1.3025E+2	7.8552E+1	7.4443E+1
1.3050E+2	7.8663E+1	7.4585E+1
1.3075E+2	7.8789E+1	7.4737E+1
1.3100E+2	7.8923E+1	7.4898E+1
1.3125E+2	7.9007E+1	7.5039E+1
1.3150E+2	7.9150E+1	7.5213E+1
1.3175E+2	7.9269E+1	7.5355E+1
1.3200E+2	7.9379E+1	7.5505E+1
1.3225E+2	7.9520E+1	7.5647E+1
1.3250E+2	7.9626E+1	7.5805E+1
1.3275E+2	7.9745E+1	7.5943E+1
1.3300E+2	7.9852E+1	7.6094E+1
1.3325E+2	7.9978E+1	7.6251E+1
1.3350E+2	8.0101E+1	7.6424E+1
1.3375E+2	8.0213E+1	7.6556E+1
1.3400E+2	8.0365E+1	7.6692E+1
1.3425E+2	8.0488E+1	7.6852E+1
1.3450E+2	8.0600E+1	7.7003E+1
1.3475E+2	8.0717E+1	7.7152E+1
1.3500E+2	8.0843E+1	7.7311E+1
1.3525E+2	8.0960E+1	7.7462E+1
1.3550E+2	8.1080E+1	7.7576E+1
1.3575E+2	8.1194E+1	7.7763E+1
1.3600E+2	8.1335E+1	7.7909E+1
1.3625E+2	8.1432E+1	7.8045E+1
1.3650E+2	8.1571E+1	7.8198E+1
1.3675E+2	8.1670E+1	7.8369E+1
1.3700E+2	8.1811E+1	7.8506E+1
1.3725E+2	8.1936E+1	7.8649E+1
1.3750E+2	8.2050E+1	7.8827E+1
1.3775E+2	8.2177E+1	7.8959E+1
1.3800E+2	8.2317E+1	7.9136E+1
1.3825E+2	8.2424E+1	7.9266E+1
1.3850E+2	8.2557E+1	7.9420E+1
1.3875E+2	8.2685E+1	7.9594E+1
1.3900E+2	8.2804E+1	7.9770E+1
1.3925E+2	8.2918E+1	7.9899E+1
1.3950E+2	8.3062E+1	8.0070E+1
1.3975E+2	8.3179E+1	8.0227E+1
1.4000E+2	8.3300E+1	8.0371E+1
1.4025E+2	8.3413E+1	8.0513E+1
1.4050E+2	8.3553E+1	8.0683E+1
1.4075E+2	8.3659E+1	8.0830E+1
1.4100E+2	8.3807E+1	8.0993E+1
1.4125E+2	8.3920E+1	8.1150E+1
1.4150E+2	8.4073E+1	8.1303E+1
1.4175E+2	8.4171E+1	8.1469E+1
1.4200E+2	8.4303E+1	8.1627E+1
1.4225E+2	8.4431E+1	8.1794E+1
1.4250E+2	8.4548E+1	8.1939E+1
1.4275E+2	8.4682E+1	8.2087E+1
1.4300E+2	8.4799E+1	8.2260E+1
1.4325E+2	8.4921E+1	8.2405E+1
1.4350E+2	8.5055E+1	8.2561E+1
1.4375E+2	8.5198E+1	8.2732E+1
1.4400E+2	8.5324E+1	8.2887E+1
1.4425E+2	8.5426E+1	8.3024E+1
1.4450E+2	8.5554E+1	8.3204E+1
1.4475E+2	8.5684E+1	8.3361E+1
1.4500E+2	8.5824E+1	8.3528E+1
1.4525E+2	8.5958E+1	8.3687E+1
1.4550E+2	8.6060E+1	8.3848E+1
1.4575E+2	8.6220E+1	8.4026E+1
1.4600E+2	8.6338E+1	8.4188E+1
1.4625E+2	8.6448E+1	8.4342E+1
1.4650E+2	8.6594E+1	8.4511E+1
1.4675E+2	8.6739E+1	8.4677E+1
1.4700E+2	8.6855E+1	8.4862E+1
1.4725E+2	8.6984E+1	8.5025E+1
1.4750E+2	8.7125E+1	8.5187E+1
1.4775E+2	8.7254E+1	8.5346E+1
1.4800E+2	8.7394E+1	8.5523E+1
1.4825E+2	8.7540E+1	8.5681E+1
1.4850E+2	8.7656E+1	8.5864E+1
1.4875E+2	8.7839E+1	8.6008E+1
1.4900E+2	8.7931E+1	8.6185E+1
1.4925E+2	8.8082E+1	8.6366E+1
1.4950E+2	8.8207E+1	8.6531E+1
1.4975E+2	8.8357E+1	8.6705E+1
1.5000E+2	8.8473E+1	8.6873E+1
1.5025E+2	8.8612E+1	8.7023E+1
1.5050E+2	8.8738E+1	8.7181E+1
1.5075E+2	8.8891E+1	8.7363E+1
1.5100E+2	8.9025E+1	8.7538E+1
1.5125E+2	8.9134E+1	8.7708E+1
1.5150E+2	8.9269E+1	8.7870E+1
1.5175E+2	8.9418E+1	8.8044E+1
1.5200E+2	8.9548E+1	8.8186E+1
1.5225E+2	8.9687E+1	8.8351E+1
1.5250E+2	8.9809E+1	8.8524E+1
1.5275E+2	8.9956E+1	8.8710E+1
1.5300E+2	9.0101E+1	8.8866E+1
1.5325E+2	9.0223E+1	8.9020E+1
1.5350E+2	9.0353E+1	8.9185E+1
1.5375E+2	9.0490E+1	8.9373E+1
1.5400E+2	9.0624E+1	8.9492E+1
1.5425E+2	9.0752E+1	8.9679E+1
1.5450E+2	9.0897E+1	8.9851E+1
1.5475E+2	9.1019E+1	8.9997E+1
1.5500E+2	9.1154E+1	9.0189E+1
1.5525E+2	9.1283E+1	9.0350E+1
1.5550E+2	9.1397E+1	9.0517E+1
1.5575E+2	9.1550E+1	9.0694E+1
1.5600E+2	9.1685E+1	9.0835E+1
1.5625E+2	9.1804E+1	9.1013E+1
1.5650E+2	9.1959E+1	9.1181E+1
1.5675E+2	9.2097E+1	9.1369E+1
1.5700E+2	9.2222E+1	9.1500E+1
1.5725E+2	9.2380E+1	9.1690E+1
1.5750E+2	9.2495E+1	9.1849E+1
1.5775E+2	9.2633E+1	9.2006E+1
1.5800E+2	9.2785E+1	9.2186E+1
1.5825E+2	9.2878E+1	9.2353E+1
1.5850E+2	9.3018E+1	9.2498E+1
1.5875E+2	9.3151E+1	9.2664E+1
1.5900E+2	9.3300E+1	9.2849E+1
1.5925E+2	9.3442E+1	9.2999E+1
1.5950E+2	9.3564E+1	9.3174E+1
1.5975E+2	9.3706E+1	9.3331E+1
1.6000E+2	9.3845E+1	9.3513E+1
1.6025E+2	9.3976E+1	9.3689E+1
1.6050E+2	9.4092E+1	9.3854E+1
1.6075E+2	9.4242E+1	9.4010E+1
1.6100E+2	9.4370E+1	9.4174E+1
1.6125E+2	9.4527E+1	9.4335E+1
1.6150E+2	9.4685E+1	9.4514E+1
1.6175E+2	9.4820E+1	9.4677E+1
1.6200E+2	9.4956E+1	9.4856E+1
1.6225E+2	9.5097E+1	9.5003E+1
1.6250E+2	9.5224E+1	9.5174E+1
1.6275E+2	9.5380E+1	9.5366E+1
1.6300E+2	9.5508E+1	9.5510E+1
1.6325E+2	9.5624E+1	9.5676E+1
1.6350E+2	9.5790E+1	9.5847E+1
1.6375E+2	9.5923E+1	9.6018E+1
1.6400E+2	9.6075E+1	9.6166E+1
1.6425E+2	9.6208E+1	9.6347E+1
1.6450E+2	9.6334E+1	9.6515E+1
1.6475E+2	9.6486E+1	9.6686E+1
1.6500E+2	9.6617E+1	9.6862E+1
1.6525E+2	9.6752E+1	9.7051E+1
1.6550E+2	9.6883E+1	9.7190E+1
1.6575E+2	9.7057E+1	9.7369E+1
1.6600E+2	9.7166E+1	9.7549E+1
1.6625E+2	9.7318E+1	9.7721E+1
1.6650E+2	9.7450E+1	9.7889E+1
1.6675E+2	9.7602E+1	9.8046E+1
1.6700E+2	9.7766E+1	9.8213E+1
1.6725E+2	9.7895E+1	9.8401E+1
1.6750E+2	9.8024E+1	9.8543E+1
1.6775E+2	9.8171E+1	9.8721E+1
1.6800E+2	9.8290E+1	9.8881E+1
1.6825E+2	9.8457E+1	9.9043E+1
1.6850E+2	9.8594E+1	9.9227E+1
1.6875E+2	9.8725E+1	9.9394E+1
1.6900E+2	9.8883E+1	9.9566E+1
1.6925E+2	9.9019E+1	9.9713E+1
1.6950E+2	9.9165E+1	9.9876E+1
1.6975E+2	9.9325E+1	1.0005E+2
1.7000E+2	9.9463E+1	1.0020E+2
1.7025E+2	9.9604E+1	1.0039E+2
1.7050E+2	9.9742E+1	1.0054E+2
1.7075E+2	9.9870E+1	1.0073E+2
1.7100E+2	1.0002E+2	1.0087E+2
1.7125E+2	1.0019E+2	1.0104E+2
1.7150E+2	1.0034E+2	1.0121E+2
1.7175E+2	1.0049E+2	1.0137E+2
1.7200E+2	1.0063E+2	1.0154E+2
1.7225E+2	1.0079E+2	1.0171E+2
1.7250E+2	1.0092E+2	1.0188E+2
1.7275E+2	1.0108E+2	1.0203E+2
1.7300E+2	1.0123E+2	1.0223E+2
1.7325E+2	1.0137E+2	1.0241E+2
1.7350E+2	1.0153E+2	1.0256E+2
1.7375E+2	1.0168E+2	1.0275E+2
1.7400E+2	1.0181E+2	1.0294E+2
1.7425E+2	1.0197E+2	1.0310E+2
1.7450E+2	1.0212E+2	1.0326E+2
1.7475E+2	1.0226E+2	1.0346E+2
1.7500E+2	1.0242E+2	1.0363E+2
1.7525E+2	1.0258E+2	1.0380E+2
1.7550E+2	1.0272E+2	1.0399E+2
1.7575E+2	1.0288E+2	1.0418E+2
1.7600E+2	1.0300E+2	1.0436E+2
1.7625E+2	1.0315E+2	1.0455E+2
1.7650E+2	1.0329E+2	1.0471E+2
1.7675E+2	1.0345E+2	1.0489E+2
1.7700E+2	1.0360E+2	1.0508E+2
1.7725E+2	1.0374E+2	1.0525E+2
1.7750E+2	1.0387E+2	1.0544E+2
1.7775E+2	1.0403E+2	1.0564E+2
1.7800E+2	1.0419E+2	1.0581E+2
1.7825E+2	1.0432E+2	1.0598E+2
1.7850E+2	1.0446E+2	1.0618E+2
1.7875E+2	1.0461E+2	1.0637E+2
1.7900E+2	1.0476E+2	1.0654E+2
1.7925E+2	1.0491E+2	1.0672E+2
1.7950E+2	1.0504E+2	1.0692E+2
1.7975E+2	1.0520E+2	1.0708E+2
1.8000E+2	1.0534E+2	1.0728E+2
1.8025E+2	1.0548E+2	1.0748E+2
1.8050E+2	1.0565E+2	1.0765E+2
1.8075E+2	1.0576E+2	1.0784E+2
1.8100E+2	1.0591E+2	1.0803E+2
1.8125E+2	1.0609E+2	1.0820E+2
1.8150E+2	1.0623E+2	1.0840E+2
1.8175E+2	1.0637E+2	1.0859E+2
1.8200E+2	1.0651E+2	1.0878E+2
1.8225E+2	1.0664E+2	1.0898E+2
1.8250E+2	1.0680E+2	1.0915E+2
1.8275E+2	1.0696E+2	1.0935E+2
1.8300E+2	1.0709E+2	1.0953E+2
1.8325E+2	1.0722E+2	1.0972E+2
1.8350E+2	1.0737E+2	1.0987E+2
1.8375E+2	1.0753E+2	1.1006E+2
1.8400E+2	1.0766E+2	1.1026E+2
1.8425E+2	1.0782E+2	1.1044E+2
1.8450E+2	1.0796E+2	1.1063E+2
1.8475E+2	1.0810E+2	1.1081E+2
1.8500E+2	1.0826E+2	1.1100E+2
1.8525E+2	1.0842E+2	1.1118E+2
1.8550E+2	1.0855E+2	1.1139E+2
1.8575E+2	1.0872E+2	1.1157E+2
1.8600E+2	1.0887E+2	1.1174E+2
1.8625E+2	1.0904E+2	1.1192E+2
1.8650E+2	1.0919E+2	1.1214E+2
1.8675E+2	1.0934E+2	1.1231E+2
1.8700E+2	1.0949E+2	1.1249E+2
1.8725E+2	1.0964E+2	1.1266E+2
1.8750E+2	1.0977E+2	1.1284E+2
1.8775E+2	1.0992E+2	1.1303E+2
1.8800E+2	1.1007E+2	1.1322E+2
1.8825E+2	1.1022E+2	1.1341E+2
1.8850E+2	1.1037E+2	1.1361E+2
1.8875E+2	1.1054E+2	1.1379E+2
1.8900E+2	1.1065E+2	1.1398E+2
1.8925E+2	1.1081E+2	1.1417E+2
1.8950E+2	1.1098E+2	1.1438E+2
1.8975E+2	1.1110E+2	1.1454E+2
1.9000E+2	1.1127E+2	1.1476E+2
1.9025E+2	1.1139E+2	1.1496E+2
1.9050E+2	1.1154E+2	1.1513E+2
1.9075E+2	1.1169E+2	1.1534E+2
1.9100E+2	1.1185E+2	1.1553E+2
1.9125E+2	1.1198E+2	1.1572E+2
1.9150E+2	1.1215E+2	1.1594E+2
1.9175E+2	1.1230E+2	1.1610E+2
1.9200E+2	1.1244E+2	1.1629E+2
1.9225E+2	1.1260E+2	1.1648E+2
1.9250E+2	1.1272E+2	1.1669E+2
1.9275E+2	1.1289E+2	1.1688E+2
1.9300E+2	1.1303E+2	1.1707E+2
1.9325E+2	1.1318E+2	1.1727E+2
1.9350E+2	1.1332E+2	1.1748E+2
1.9375E+2	1.1350E+2	1.1766E+2
1.9400E+2	1.1361E+2	1.1785E+2
1.9425E+2	1.1377E+2	1.1806E+2
1.9450E+2	1.1391E+2	1.1827E+2
1.9475E+2	1.1406E+2	1.1845E+2
1.9500E+2	1.1421E+2	1.1865E+2
1.9525E+2	1.1436E+2	1.1883E+2
1.9550E+2	1.1452E+2	1.1905E+2
1.9575E+2	1.1467E+2	1.1925E+2
1.9600E+2	1.1482E+2	1.1947E+2
1.9625E+2	1.1500E+2	1.1966E+2
1.9650E+2	1.1512E+2	1.1986E+2
1.9675E+2	1.1530E+2	1.2007E+2
1.9700E+2	1.1545E+2	1.2025E+2
1.9725E+2	1.1560E+2	1.2047E+2
1.9750E+2	1.1575E+2	1.2069E+2
1.9775E+2	1.1588E+2	1.2087E+2
1.9800E+2	1.1604E+2	1.2108E+2
1.9825E+2	1.1621E+2	1.2130E+2
1.9850E+2	1.1636E+2	1.2148E+2
1.9875E+2	1.1652E+2	1.2172E+2
1.9900E+2	1.1665E+2	1.2189E+2
1.9925E+2	1.1683E+2	1.2212E+2
1.9950E+2	1.1700E+2	1.2228E+2
1.9975E+2	1.1715E+2	1.2249E+2
