0.0000E+0	3.3391E+1	2.8747E+1
2.5000E-1	3.3418E+1	2.8780E+1
5.0000E-1	3.3449E+1	2.8790E+1
7.5000E-1	3.3487E+1	2.8821E+1
1.0000E+0	3.3526E+1	2.8863E+1
1.2500E+0	3.3551E+1	2.8884E+1
1.5000E+0	3.3604E+1	2.8915E+1
1.7500E+0	3.3637E+1	2.8949E+1
2.0000E+0	3.3654E+1	2.8995E+1
2.2500E+0	3.3709E+1	2.9024E+1
2.5000E+0	3.3744E+1	2.9027E+1
2.7500E+0	3.3758E+1	2.9077E+1
3.0000E+0	3.3798E+1	2.9107E+1
3.2500E+0	3.3831E+1	2.9116E+1
3.5000E+0	3.3879E+1	2.9148E+1
3.7500E+0	3.3909E+1	2.9176E+1
4.0000E+0	3.3974E+1	2.9218E+1
4.2500E+0	3.4019E+1	2.9263E+1
4.5000E+0	3.4038E+1	2.9284E+1
4.7500E+0	3.4084E+1	2.9314E+1
5.0000E+0	3.4091E+1	2.9355E+1
5.2500E+0	3.4143E+1	2.9371E+1
5.5000E+0	3.4202E+1	2.9420E+1
5.7500E+0	3.4233E+1	2.9453E+1
6.0000E+0	3.4261E+1	2.9485E+1
6.2500E+0	3.4321E+1	2.9489E+1
6.5000E+0	3.4356E+1	2.9538E+1
6.7500E+0	3.4395E+1	2.9584E+1
7.0000E+0	3.4435E+1	2.9600E+1
7.2500E+0	3.4467E+1	2.9623E+1
7.5000E+0	3.4523E+1	2.9662E+1
7.7500E+0	3.4554E+1	2.9715E+1
8.0000E+0	3.4603E+1	2.9727E+1
8.2500E+0	3.4664E+1	2.9770E+1
8.5000E+0	3.4688E+1	2.9817E+1
8.7500E+0	3.4751E+1	2.9853E+1
9.0000E+0	3.4792E+1	2.9869E+1
9.2500E+0	3.4823E+1	2.9901E+1
9.5000E+0	3.4865E+1	2.9937E+1
9.7500E+0	3.4916E+1	2.9977E+1
1.0000E+1	3.4949E+1	3.0019E+1
1.0250E+1	3.4994E+1	3.0058E+1
1.0500E+1	3.5054E+1	3.0087E+1
1.0750E+1	3.5077E+1	3.0099E+1
1.1000E+1	3.5131E+1	3.0128E+1
1.1250E+1	3.5179E+1	3.0176E+1
1.1500E+1	3.5221E+1	3.0227E+1
1.1750E+1	3.5249E+1	3.0264E+1
1.2000E+1	3.5306E+1	3.0306E+1
1.2250E+1	3.5363E+1	3.0335E+1
1.2500E+1	3.5422E+1	3.0369E+1
1.2750E+1	3.5442E+1	3.0417E+1
1.3000E+1	3.5506E+1	3.0451E+1
1.3250E+1	3.5547E+1	3.0456E+1
1.3500E+1	3.5597E+1	3.0508E+1
1.3750E+1	3.5633E+1	3.0561E+1
1.4000E+1	3.5678E+1	3.0594E+1
1.4250E+1	3.5764E+1	3.0620E+1
1.4500E+1	3.5792E+1	3.0666E+1
1.4750E+1	3.5839E+1	3.0704E+1
1.5000E+1	3.5874E+1	3.0726E+1
1.5250E+1	3.5963E+1	3.0769E+1
1.5500E+1	3.5979E+1	3.0821E+1
1.5750E+1	3.6035E+1	3.0835E+1
1.6000E+1	3.6083E+1	3.0884E+1
1.6250E+1	3.6139E+1	3.0909E+1
1.6500E+1	3.6205E+1	3.0953E+1
1.6750E+1	3.6234E+1	3.0994E+1
1.7000E+1	3.6289E+1	3.1032E+1
1.7250E+1	3.6348E+1	3.1069E+1
1.7500E+1	3.6399E+1	3.1099E+1
1.7750E+1	3.6470E+1	3.1138E+1
1.8000E+1	3.6507E+1	3.1183E+1
1.8250E+1	3.6542E+1	3.1221E+1
1.8500E+1	3.6607E+1	3.1257E+1
1.8750E+1	3.6664E+1	3.1290E+1
1.9000E+1	3.6722E+1	3.1350E+1
1.9250E+1	3.6770E+1	3.1375E+1
1.9500E+1	3.6827E+1	3.1415E+1
1.9750E+1	3.6902E+1	3.1447E+1
2.0000E+1	3.6934E+1	3.1513E+1
2.0250E+1	3.7021E+1	3.1547E+1
2.0500E+1	3.7038E+1	3.1573E+1
2.0750E+1	3.7091E+1	3.1617E+1
2.1000E+1	3.7160E+1	3.1666E+1
2.1250E+1	3.7219E+1	3.1713E+1
2.1500E+1	3.7283E+1	3.1745E+1
2.1750E+1	3.7344E+1	3.1781E+1
2.2000E+1	3.7401E+1	3.1823E+1
2.2250E+1	3.7456E+1	3.1866E+1
2.2500E+1	3.7521E+1	3.1911E+1
2.2750E+1	3.7560E+1	3.1948E+1
2.3000E+1	3.7611E+1	3.2022E+1
2.3250E+1	3.7684E+1	3.2039E+1
2.3500E+1	3.7743E+1	3.2074E+1
2.3750E+1	3.7813E+1	3.2122E+1
2.4000E+1	3.7856E+1	3.2151E+1
2.4250E+1	3.7910E+1	3.2213E+1
2.4500E+1	3.7972E+1	3.2229E+1
2.4750E+1	3.8012E+1	3.2259E+1
2.5000E+1	3.8074E+1	3.2317E+1
2.5250E+1	3.8152E+1	3.2343E+1
2.5500E+1	3.8196E+1	3.2397E+1
2.5750E+1	3.8295E+1	3.2457E+1
2.6000E+1	3.8338E+1	3.2490E+1
2.6250E+1	3.8395E+1	3.2552E+1
2.6500E+1	3.8460E+1	3.2595E+1
2.6750E+1	3.8520E+1	3.2640E+1
2.7000E+1	3.8588E+1	3.2658E+1
2.7250E+1	3.8648E+1	3.2693E+1
2.7500E+1	3.8725E+1	3.2754E+1
2.7750E+1	3.8788E+1	3.2816E+1
2.8000E+1	3.8844E+1	3.2843E+1
2.8250E+1	3.8902E+1	3.2887E+1
2.8500E+1	3.8950E+1	3.2922E+1
2.8750E+1	3.9040E+1	3.2967E+1
2.9000E+1	3.9096E+1	3.3011E+1
2.9250E+1	3.9145E+1	3.3073E+1
2.9500E+1	3.9202E+1	3.3105E+1
2.9750E+1	3.9279E+1	3.3139E+1
3.0000E+1	3.9340E+1	3.3180E+1
3.0250E+1	3.9394E+1	3.3218E+1
3.0500E+1	3.9483E+1	3.3289E+1
3.0750E+1	3.9517E+1	3.3329E+1
3.1000E+1	3.9612E+1	3.3389E+1
3.1250E+1	3.9649E+1	3.3412E+1
3.1500E+1	3.9723E+1	3.3465E+1
3.1750E+1	3.9804E+1	3.3478E+1
3.2000E+1	3.9863E+1	3.3525E+1
3.2250E+1	3.9918E+1	3.3578E+1
3.2500E+1	3.9981E+1	3.3609E+1
3.2750E+1	4.0043E+1	3.3674E+1
3.3000E+1	4.0099E+1	3.3723E+1
3.3250E+1	4.0160E+1	3.3759E+1
3.3500E+1	4.0250E+1	3.3813E+1
3.3750E+1	4.0301E+1	3.3846E+1
3.4000E+1	4.0358E+1	3.3903E+1
3.4250E+1	4.0461E+1	3.3941E+1
3.4500E+1	4.0515E+1	3.3990E+1
3.4750E+1	4.0590E+1	3.4038E+1
3.5000E+1	4.0649E+1	3.4052E+1
3.5250E+1	4.0694E+1	3.4096E+1
3.5500E+1	4.0776E+1	3.4151E+1
3.5750E+1	4.0826E+1	3.4218E+1
3.6000E+1	4.0896E+1	3.4240E+1
3.6250E+1	4.0976E+1	3.4298E+1
3.6500E+1	4.1029E+1	3.4341E+1
3.6750E+1	4.1110E+1	3.4393E+1
3.7000E+1	4.1186E+1	3.4445E+1
3.7250E+1	4.1251E+1	3.4489E+1
3.7500E+1	4.1297E+1	3.4558E+1
3.7750E+1	4.1378E+1	3.4588E+1
3.8000E+1	4.1453E+1	3.4637E+1
3.8250E+1	4.1532E+1	3.4686E+1
3.8500E+1	4.1581E+1	3.4729E+1
3.8750E+1	4.1666E+1	3.4771E+1
3.9000E+1	4.1717E+1	3.4818E+1
3.9250E+1	4.1824E+1	3.4864E+1
3.9500E+1	4.1854E+1	3.4941E+1
3.9750E+1	4.1939E+1	3.4982E+1
4.0000E+1	4.1995E+1	3.5041E+1
4.0250E+1	4.2071E+1	3.5081E+1
4.0500E+1	4.2154E+1	3.5104E+1
4.0750E+1	4.2212E+1	3.5148E+1
4.1000E+1	4.2295E+1	3.5233E+1
4.1250E+1	4.2370E+1	3.5283E+1
4.1500E+1	4.2431E+1	3.5328E+1
4.1750E+1	4.2493E+1	3.5386E+1
4.2000E+1	4.2580E+1	3.5436E+1
4.2250E+1	4.2619E+1	3.5470E+1
4.2500E+1	4.2711E+1	3.5526E+1
4.2750E+1	4.2765E+1	3.5595E+1
4.3000E+1	4.2846E+1	3.5647E+1
4.3250E+1	4.2913E+1	3.5668E+1
4.3500E+1	4.3002E+1	3.5742E+1
4.3750E+1	4.3059E+1	3.5787E+1
4.4000E+1	4.3125E+1	3.5846E+1
4.4250E+1	4.3183E+1	3.5904E+1
4.4500E+1	4.3259E+1	3.5954E+1
4.4750E+1	4.3320E+1	3.6001E+1
4.5000E+1	4.3405E+1	3.6073E+1
4.5250E+1	4.3487E+1	3.6122E+1
4.5500E+1	4.3544E+1	3.6160E+1
4.5750E+1	4.3635E+1	3.6222E+1
4.6000E+1	4.3696E+1	3.6270E+1
4.6250E+1	4.3769E+1	3.6329E+1
4.6500E+1	4.3832E+1	3.6374E+1
4.6750E+1	4.3924E+1	3.6432E+1
4.7000E+1	4.3973E+1	3.6484E+1
4.7250E+1	4.4069E+1	3.6547E+1
4.7500E+1	4.4148E+1	3.6575E+1
4.7750E+1	4.4219E+1	3.6655E+1
4.8000E+1	4.4279E+1	3.6684E+1
4.8250E+1	4.4381E+1	3.6762E+1
4.8500E+1	4.4452E+1	3.6818E+1
4.8750E+1	4.4544E+1	3.6860E+1
4.9000E+1	4.4590E+1	3.6916E+1
4.9250E+1	4.4696E+1	3.6972E+1
4.9500E+1	4.4759E+1	3.7037E+1
4.9750E+1	4.4816E+1	3.7081E+1
5.0000E+1	4.4897E+1	3.7155E+1
5.0250E+1	4.4988E+1	3.7207E+1
5.0500E+1	4.5062E+1	3.7256E+1
5.0750E+1	4.5143E+1	3.7308E+1
5.1000E+1	4.5216E+1	3.7376E+1
5.1250E+1	4.5288E+1	3.7436E+1
5.1500E+1	4.5372E+1	3.7505E+1
5.1750E+1	4.5440E+1	3.7535E+1
5.2000E+1	4.5534E+1	3.7611E+1
5.2250E+1	4.5617E+1	3.7651E+1
5.2500E+1	4.5675E+1	3.7708E+1
5.2750E+1	4.5759E+1	3.7800E+1
5.3000E+1	4.5838E+1	3.7854E+1
5.3250E+1	4.5921E+1	3.7906E+1
5.3500E+1	4.5986E+1	3.7959E+1
5.3750E+1	4.6037E+1	3.8032E+1
5.4000E+1	4.6141E+1	3.8070E+1
5.4250E+1	4.6219E+1	3.8135E+1
5.4500E+1	4.6322E+1	3.8183E+1
5.4750E+1	4.6374E+1	3.8256E+1
5.5000E+1	4.6450E+1	3.8311E+1
5.5250E+1	4.6541E+1	3.8387E+1
5.5500E+1	4.6618E+1	3.8424E+1
5.5750E+1	4.6713E+1	3.8516E+1
5.6000E+1	4.6771E+1	3.8553E+1
5.6250E+1	4.6846E+1	3.8609E+1
5.6500E+1	4.6948E+1	3.8684E+1
5.6750E+1	4.7011E+1	3.8749E+1
5.7000E+1	4.7097E+1	3.8803E+1
5.7250E+1	4.7194E+1	3.8855E+1
5.7500E+1	4.7249E+1	3.8932E+1
5.7750E+1	4.7338E+1	3.8974E+1
5.8000E+1	4.7398E+1	3.9069E+1
5.8250E+1	4.7487E+1	3.9115E+1
5.8500E+1	4.7594E+1	3.9197E+1
5.8750E+1	4.7672E+1	3.9260E+1
5.9000E+1	4.7742E+1	3.9347E+1
5.9250E+1	4.7815E+1	3.9406E+1
5.9500E+1	4.7903E+1	3.9480E+1
5.9750E+1	4.7996E+1	3.9526E+1
6.0000E+1	4.8044E+1	3.9604E+1
6.0250E+1	4.8144E+1	3.9669E+1
6.0500E+1	4.8243E+1	3.9741E+1
6.0750E+1	4.8307E+1	3.9826E+1
6.1000E+1	4.8409E+1	3.9899E+1
6.1250E+1	4.8502E+1	3.9969E+1
6.1500E+1	4.8559E+1	4.0021E+1
6.1750E+1	4.8658E+1	4.0109E+1
6.2000E+1	4.8755E+1	4.0164E+1
6.2250E+1	4.8836E+1	4.0254E+1
6.2500E+1	4.8913E+1	4.0326E+1
6.2750E+1	4.9018E+1	4.0388E+1
6.3000E+1	4.9092E+1	4.0463E+1
6.3250E+1	4.9167E+1	4.0557E+1
6.3500E+1	4.9271E+1	4.0613E+1
6.3750E+1	4.9349E+1	4.0715E+1
6.4000E+1	4.9444E+1	4.0765E+1
6.4250E+1	4.9519E+1	4.0852E+1
6.4500E+1	4.9616E+1	4.0921E+1
6.4750E+1	4.9697E+1	4.1003E+1
6.5000E+1	4.9804E+1	4.1101E+1
6.5250E+1	4.9881E+1	4.1158E+1
6.5500E+1	4.9986E+1	4.1231E+1
6.5750E+1	5.0055E+1	4.1305E+1
6.6000E+1	5.0153E+1	4.1398E+1
6.6250E+1	5.0217E+1	4.1473E+1
6.6500E+1	5.0332E+1	4.1537E+1
6.6750E+1	5.0395E+1	4.1623E+1
6.7000E+1	5.0499E+1	4.1687E+1
6.7250E+1	5.0574E+1	4.1791E+1
6.7500E+1	5.0676E+1	4.1851E+1
6.7750E+1	5.0756E+1	4.1928E+1
6.8000E+1	5.0837E+1	4.2010E+1
6.8250E+1	5.0920E+1	4.2085E+1
6.8500E+1	5.1012E+1	4.2179E+1
6.8750E+1	5.1098E+1	4.2254E+1
6.9000E+1	5.1190E+1	4.2338E+1
6.9250E+1	5.1284E+1	4.2419E+1
6.9500E+1	5.1363E+1	4.2491E+1
6.9750E+1	5.1465E+1	4.2565E+1
7.0000E+1	5.1550E+1	4.2659E+1
7.0250E+1	5.1628E+1	4.2722E+1
7.0500E+1	5.1728E+1	4.2808E+1
7.0750E+1	5.1827E+1	4.2903E+1
7.1000E+1	5.1915E+1	4.2977E+1
7.1250E+1	5.1993E+1	4.3051E+1
7.1500E+1	5.2079E+1	4.3154E+1
7.1750E+1	5.2182E+1	4.3236E+1
7.2000E+1	5.2287E+1	4.3336E+1
7.2250E+1	5.2369E+1	4.3379E+1
7.2500E+1	5.2454E+1	4.3478E+1
7.2750E+1	5.2535E+1	4.3554E+1
7.3000E+1	5.2639E+1	4.3647E+1
7.3250E+1	5.2721E+1	4.3714E+1
7.3500E+1	5.2850E+1	4.3807E+1
7.3750E+1	5.2910E+1	4.3891E+1
7.4000E+1	5.3009E+1	4.3981E+1
7.4250E+1	5.3090E+1	4.4048E+1
7.4500E+1	5.3179E+1	4.4132E+1
7.4750E+1	5.3282E+1	4.4200E+1
7.5000E+1	5.3387E+1	4.4289E+1
7.5250E+1	5.3472E+1	4.4383E+1
7.5500E+1	5.3566E+1	4.4469E+1
7.5750E+1	5.3674E+1	4.4547E+1
7.6000E+1	5.3741E+1	4.4624E+1
7.6250E+1	5.3837E+1	4.4705E+1
7.6500E+1	5.3962E+1	4.4782E+1
7.6750E+1	5.4053E+1	4.4872E+1
7.7000E+1	5.4153E+1	4.4954E+1
7.7250E+1	5.4251E+1	4.5055E+1
7.7500E+1	5.4340E+1	4.5104E+1
7.7750E+1	5.4409E+1	4.5220E+1
7.8000E+1	5.4527E+1	4.5314E+1
7.8250E+1	5.4640E+1	4.5388E+1
7.8500E+1	5.4730E+1	4.5496E+1
7.8750E+1	5.4810E+1	4.5559E+1
7.9000E+1	5.4908E+1	4.5643E+1
7.9250E+1	5.5001E+1	4.5732E+1
7.9500E+1	5.5105E+1	4.5832E+1
7.9750E+1	5.5223E+1	4.5915E+1
8.0000E+1	5.5336E+1	4.6000E+1
8.0250E+1	5.5421E+1	4.6068E+1
8.0500E+1	5.5520E+1	4.6192E+1
8.0750E+1	5.5608E+1	4.6239E+1
8.1000E+1	5.5724E+1	4.6346E+1
8.1250E+1	5.5823E+1	4.6444E+1
8.1500E+1	5.5889E+1	4.6529E+1
8.1750E+1	5.6009E+1	4.6573E+1
8.2000E+1	5.6130E+1	4.6680E+1
8.2250E+1	5.6188E+1	4.6783E+1
8.2500E+1	5.6295E+1	4.6868E+1
8.2750E+1	5.6389E+1	4.6949E+1
8.3000E+1	5.6527E+1	4.7027E+1
8.3250E+1	5.6607E+1	4.7139E+1
8.3500E+1	5.6710E+1	4.7212E+1
8.3750E+1	5.6801E+1	4.7302E+1
8.4000E+1	5.6891E+1	4.7382E+1
8.4250E+1	5.6993E+1	4.7487E+1
8.4500E+1	5.7093E+1	4.7587E+1
8.4750E+1	5.7191E+1	4.7668E+1
8.5000E+1	5.7304E+1	4.7761E+1
8.5250E+1	5.7410E+1	4.7832E+1
8.5500E+1	5.7496E+1	4.7922E+1
8.5750E+1	5.7612E+1	4.8036E+1
8.6000E+1	5.7690E+1	4.8114E+1
8.6250E+1	5.7814E+1	4.8203E+1
8.6500E+1	5.7912E+1	4.8295E+1
8.6750E+1	5.7999E+1	4.8389E+1
8.7000E+1	5.8116E+1	4.8465E+1
8.7250E+1	5.8214E+1	4.8574E+1
8.7500E+1	5.8299E+1	4.8643E+1
8.7750E+1	5.8389E+1	4.8761E+1
8.8000E+1	5.8515E+1	4.8849E+1
8.8250E+1	5.8605E+1	4.8947E+1
8.8500E+1	5.8687E+1	4.9023E+1
8.8750E+1	5.8801E+1	4.9111E+1
8.9000E+1	5.8892E+1	4.9218E+1
8.9250E+1	5.9007E+1	4.9294E+1
8.9500E+1	5.9086E+1	4.9387E+1
8.9750E+1	5.9180E+1	4.9482E+1
9.0000E+1	5.9304E+1	4.9564E+1
9.0250E+1	5.9376E+1	4.9677E+1
9.0500E+1	5.9464E+1	4.9756E+1
9.0750E+1	5.9577E+1	4.9851E+1
9.1000E+1	5.9685E+1	4.9953E+1
9.1250E+1	5.9780E+1	5.0056E+1
9.1500E+1	5.9864E+1	5.0125E+1
9.1750E+1	5.9972E+1	5.0238E+1
9.2000E+1	6.0079E+1	5.0321E+1
9.2250E+1	6.0157E+1	5.0436E+1
9.2500E+1	6.0277E+1	5.0517E+1
9.2750E+1	6.0376E+1	5.0617E+1
9.3000E+1	6.0500E+1	5.0710E+1
9.3250E+1	6.0603E+1	5.0789E+1
9.3500E+1	6.0684E+1	5.0897E+1
9.3750E+1	6.0794E+1	5.0994E+1
9.4000E+1	6.0883E+1	5.1100E+1
9.4250E+1	6.0988E+1	5.1178E+1
9.4500E+1	6.1106E+1	5.1276E+1
9.4750E+1	6.1181E+1	5.1380E+1
9.5000E+1	6.1293E+1	5.1481E+1
9.5250E+1	6.1406E+1	5.1568E+1
9.5500E+1	6.1512E+1	5.1657E+1
9.5750E+1	6.1605E+1	5.1761E+1
9.6000E+1	6.1719E+1	5.1854E+1
9.6250E+1	6.1825E+1	5.1963E+1
9.6500E+1	6.1923E+1	5.2053E+1
9.6750E+1	6.2026E+1	5.2138E+1
9.7000E+1	6.2132E+1	5.2251E+1
9.7250E+1	6.2248E+1	5.2348E+1
9.7500E+1	6.2339E+1	5.2429E+1
9.7750E+1	6.2465E+1	5.2557E+1
9.8000E+1	6.2569E+1	5.2633E+1
9.8250E+1	6.2655E+1	5.2762E+1
9.8500E+1	6.2794E+1	5.2863E+1
9.8750E+1	6.2894E+1	5.2939E+1
9.9000E+1	6.3004E+1	5.3044E+1
9.9250E+1	6.3113E+1	5.3156E+1
9.9500E+1	6.3216E+1	5.3237E+1
9.9750E+1	6.3328E+1	5.3355E+1
1.0000E+2	6.3441E+1	5.3459E+1
1.0025E+2	6.3543E+1	5.3553E+1
1.0050E+2	6.3671E+1	5.3661E+1
1.0075E+2	6.3762E+1	5.3774E+1
1.0100E+2	6.3874E+1	5.3872E+1
1.0125E+2	6.3954E+1	5.3992E+1
1.0150E+2	6.4084E+1	5.4093E+1
1.0175E+2	6.4191E+1	5.4206E+1
1.0200E+2	6.4297E+1	5.4310E+1
1.0225E+2	6.4426E+1	5.4413E+1
1.0250E+2	6.4538E+1	5.4529E+1
1.0275E+2	6.4614E+1	5.4631E+1
1.0300E+2	6.4746E+1	5.4765E+1
1.0325E+2	6.4847E+1	5.4865E+1
1.0350E+2	6.4963E+1	5.4965E+1
1.0375E+2	6.5060E+1	5.5071E+1
1.0400E+2	6.5160E+1	5.5207E+1
1.0425E+2	6.5282E+1	5.5307E+1
1.0450E+2	6.5406E+1	5.5430E+1
1.0475E+2	6.5498E+1	5.5513E+1
1.0500E+2	6.5623E+1	5.5654E+1
1.0525E+2	6.5732E+1	5.5758E+1
1.0550E+2	6.5824E+1	5.5853E+1
1.0575E+2	6.5950E+1	5.5980E+1
1.0600E+2	6.6072E+1	5.6085E+1
1.0625E+2	6.6187E+1	5.6196E+1
1.0650E+2	6.6295E+1	5.6298E+1
1.0675E+2	6.6410E+1	5.6423E+1
1.0700E+2	6.6501E+1	5.6553E+1
1.0725E+2	6.6627E+1	5.6655E+1
1.0750E+2	6.6711E+1	5.6777E+1
1.0775E+2	6.6842E+1	5.6880E+1
1.0800E+2	6.6929E+1	5.7010E+1
1.0825E+2	6.7057E+1	5.7123E+1
1.0850E+2	6.7160E+1	5.7235E+1
1.0875E+2	6.7272E+1	5.7339E+1
1.0900E+2	6.7382E+1	5.7473E+1
1.0925E+2	6.7493E+1	5.7587E+1
1.0950E+2	6.7598E+1	5.7710E+1
1.0975E+2	6.7698E+1	5.7827E+1
1.1000E+2	6.7804E+1	5.7942E+1
1.1025E+2	6.7931E+1	5.8056E+1
1.1050E+2	6.8032E+1	5.8167E+1
1.1075E+2	6.8138E+1	5.8280E+1
1.1100E+2	6.8249E+1	5.8389E+1
1.1125E+2	6.8382E+1	5.8526E+1
1.1150E+2	6.8469E+1	5.8660E+1
1.1175E+2	6.8587E+1	5.8760E+1
1.1200E+2	6.8701E+1	5.8852E+1
1.1225E+2	6.8813E+1	5.8982E+1
1.1250E+2	6.8920E+1	5.9110E+1
1.1275E+2	6.9046E+1	5.9230E+1
1.1300E+2	6.9140E+1	5.9346E+1
1.1325E+2	6.9237E+1	5.9469E+1
1.1350E+2	6.9353E+1	5.9601E+1
1.1375E+2	6.9491E+1	5.9705E+1
1.1400E+2	6.9607E+1	5.9837E+1
1.1425E+2	6.9708E+1	5.9958E+1
1.1450E+2	6.9818E+1	6.0089E+1
1.1475E+2	6.9923E+1	6.0203E+1
1.1500E+2	7.0064E+1	6.0341E+1
1.1525E+2	7.0163E+1	6.0442E+1
1.1550E+2	7.0283E+1	6.0554E+1
1.1575E+2	7.0387E+1	6.0715E+1
1.1600E+2	7.0511E+1	6.0825E+1
1.1625E+2	7.0646E+1	6.0940E+1
1.1650E+2	7.0761E+1	6.1051E+1
1.1675E+2	7.0856E+1	6.1180E+1
1.1700E+2	7.0970E+1	6.1305E+1
1.1725E+2	7.1094E+1	6.1410E+1
1.1750E+2	7.1180E+1	6.1543E+1
1.1775E+2	7.1293E+1	6.1655E+1
1.1800E+2	7.1407E+1	6.1784E+1
1.1825E+2	7.1511E+1	6.1917E+1
1.1850E+2	7.1631E+1	6.2028E+1
1.1875E+2	7.1759E+1	6.2139E+1
1.1900E+2	7.1851E+1	6.2273E+1
1.1925E+2	7.1971E+1	6.2397E+1
1.1950E+2	7.2077E+1	6.2522E+1
1.1975E+2	7.2174E+1	6.2651E+1
1.2000E+2	7.2305E+1	6.2729E+1
1.2025E+2	7.2385E+1	6.2872E+1
1.2050E+2	7.2512E+1	6.2986E+1
1.2075E+2	7.2619E+1	6.3116E+1
1.2100E+2	7.2733E+1	6.3229E+1
1.2125E+2	7.2828E+1	6.3344E+1
1.2150E+2	7.2949E+1	6.3471E+1
1.2175E+2	7.3048E+1	6.3602E+1
1.2200E+2	7.3130E+1	6.3684E+1
1.2225E+2	7.3261E+1	6.3825E+1
1.2250E+2	7.3380E+1	6.3936E+1
1.2275E+2	7.3472E+1	6.4091E+1
1.2300E+2	7.3584E+1	6.4209E+1
1.2325E+2	7.3699E+1	6.4308E+1
1.2350E+2	7.3817E+1	6.4431E+1
1.2375E+2	7.3923E+1	6.4574E+1
1.2400E+2	7.4015E+1	6.4678E+1
1.2425E+2	7.4149E+1	6.4799E+1
1.2450E+2	7.4225E+1	6.4929E+1
1.2475E+2	7.4340E+1	6.5058E+1
1.2500E+2	7.4464E+1	6.5181E+1
1.2525E+2	7.4570E+1	6.5294E+1
1.2550E+2	7.4672E+1	6.5432E+1
1.2575E+2	7.4779E+1	6.5548E+1
1.2600E+2	7.4884E+1	6.5665E+1
1.2625E+2	7.4985E+1	6.5812E+1
1.2650E+2	7.5100E+1	6.5916E+1
1.2675E+2	7.5203E+1	6.6049E+1
1.2700E+2	7.5319E+1	6.6170E+1
1.2725E+2	7.5419E+1	6.6311E+1
1.2750E+2	7.5538E+1	6.6416E+1
1.2775E+2	7.5640E+1	6.6580E+1
1.2800E+2	7.5742E+1	6.6682E+1
1.2825E+2	7.5854E+1	6.6816E+1
1.2850E+2	7.5966E+1	6.6964E+1
1.2875E+2	7.6057E+1	6.7083E+1
1.2900E+2	7.6176E+1	6.7213E+1
1.2925E+2	7.6270E+1	6.7356E+1
1.2950E+2	7.6384E+1	6.7469E+1
1.2975E+2	7.6508E+1	6.7599E+1
1.3000E+2	7.6608E+1	6.7727E+1
1.3025E+2	7.6707E+1	6.7855E+1
1.3050E+2	7.6831E+1	6.7991E+1
1.3075E+2	7.6916E+1	6.8122E+1
1.3100E+2	7.7055E+1	6.8253E+1
1.3125E+2	7.7142E+1	6.8391E+1
1.3150E+2	7.7271E+1	6.8511E+1
1.3175E+2	7.7364E+1	6.8619E+1
1.3200E+2	7.7491E+1	6.8761E+1
1.3225E+2	7.7599E+1	6.8890E+1
1.3250E+2	7.7711E+1	6.9029E+1
1.3275E+2	7.7833E+1	6.9149E+1
1.3300E+2	7.7937E+1	6.9292E+1
1.3325E+2	7.8042E+1	6.9417E+1
1.3350E+2	7.8164E+1	6.9532E+1
1.3375E+2	7.8252E+1	6.9672E+1
1.3400E+2	7.8377E+1	6.9783E+1
1.3425E+2	7.8457E+1	6.9932E+1
1.3450E+2	7.8615E+1	7.0032E+1
1.3475E+2	7.8718E+1	7.0183E+1
1.3500E+2	7.8827E+1	7.0322E+1
1.3525E+2	7.8940E+1	7.0444E+1
1.3550E+2	7.9081E+1	7.0608E+1
1.3575E+2	7.9173E+1	7.0711E+1
1.3600E+2	7.9311E+1	7.0852E+1
1.3625E+2	7.9399E+1	7.0965E+1
1.3650E+2	7.9530E+1	7.1106E+1
1.3675E+2	7.9664E+1	7.1245E+1
1.3700E+2	7.9759E+1	7.1382E+1
1.3725E+2	7.9889E+1	7.1498E+1
1.3750E+2	8.0002E+1	7.1635E+1
1.3775E+2	8.0101E+1	7.1758E+1
1.3800E+2	8.0235E+1	7.1913E+1
1.3825E+2	8.0342E+1	7.2031E+1
1.3850E+2	8.0480E+1	7.2150E+1
1.3875E+2	8.0589E+1	7.2308E+1
1.3900E+2	8.0686E+1	7.2432E+1
1.3925E+2	8.0825E+1	7.2567E+1
1.3950E+2	8.0925E+1	7.2704E+1
1.3975E+2	8.1038E+1	7.2833E+1
1.4000E+2	8.1159E+1	7.2967E+1
1.4025E+2	8.1298E+1	7.3101E+1
1.4050E+2	8.1422E+1	7.3218E+1
1.4075E+2	8.1542E+1	7.3385E+1
1.4100E+2	8.1662E+1	7.3492E+1
1.4125E+2	8.1777E+1	7.3638E+1
1.4150E+2	8.1928E+1	7.3757E+1
1.4175E+2	8.2031E+1	7.3873E+1
1.4200E+2	8.2160E+1	7.4032E+1
1.4225E+2	8.2287E+1	7.4150E+1
1.4250E+2	8.2398E+1	7.4282E+1
1.4275E+2	8.2527E+1	7.4420E+1
1.4300E+2	8.2668E+1	7.4548E+1
1.4325E+2	8.2775E+1	7.4691E+1
1.4350E+2	8.2931E+1	7.4822E+1
1.4375E+2	8.3031E+1	7.4960E+1
1.4400E+2	8.3153E+1	7.5094E+1
1.4425E+2	8.3302E+1	7.5221E+1
1.4450E+2	8.3406E+1	7.5360E+1
1.4475E+2	8.3547E+1	7.5492E+1
1.4500E+2	8.3657E+1	7.5610E+1
1.4525E+2	8.3777E+1	7.5767E+1
1.4550E+2	8.3903E+1	7.5909E+1
1.4575E+2	8.4021E+1	7.6049E+1
1.4600E+2	8.4144E+1	7.6180E+1
1.4625E+2	8.4266E+1	7.6321E+1
1.4650E+2	8.4389E+1	7.6459E+1
1.4675E+2	8.4510E+1	7.6613E+1
1.4700E+2	8.4630E+1	7.6741E+1
1.4725E+2	8.4754E+1	7.6885E+1
1.4750E+2	8.4891E+1	7.7029E+1
1.4775E+2	8.5012E+1	7.7199E+1
1.4800E+2	8.5128E+1	7.7326E+1
1.4825E+2	8.5268E+1	7.7457E+1
1.4850E+2	8.5380E+1	7.7617E+1
1.4875E+2	8.5518E+1	7.7770E+1
1.4900E+2	8.5625E+1	7.7914E+1
1.4925E+2	8.5754E+1	7.8067E+1
1.4950E+2	8.5861E+1	7.8241E+1
1.4975E+2	8.6014E+1	7.8381E+1
1.5000E+2	8.6123E+1	7.8540E+1
1.5025E+2	8.6251E+1	7.8685E+1
1.5050E+2	8.6386E+1	7.8827E+1
1.5075E+2	8.6508E+1	7.9004E+1
1.5100E+2	8.6605E+1	7.9139E+1
1.5125E+2	8.6728E+1	7.9304E+1
1.5150E+2	8.6852E+1	7.9463E+1
1.5175E+2	8.6978E+1	7.9602E+1
1.5200E+2	8.7095E+1	7.9763E+1
1.5225E+2	8.7232E+1	7.9923E+1
1.5250E+2	8.7375E+1	8.0084E+1
1.5275E+2	8.7464E+1	8.0238E+1
1.5300E+2	8.7601E+1	8.0406E+1
1.5325E+2	8.7717E+1	8.0569E+1
1.5350E+2	8.7818E+1	8.0696E+1
1.5375E+2	8.7940E+1	8.0849E+1
1.5400E+2	8.8059E+1	8.0999E+1
1.5425E+2	8.8164E+1	8.1187E+1
1.5450E+2	8.8325E+1	8.1326E+1
1.5475E+2	8.8421E+1	8.1486E+1
1.5500E+2	8.8521E+1	8.1637E+1
1.5525E+2	8.8646E+1	8.1798E+1
1.5550E+2	8.8777E+1	8.1945E+1
1.5575E+2	8.8904E+1	8.2129E+1
1.5600E+2	8.9017E+1	8.2291E+1
1.5625E+2	8.9163E+1	8.2438E+1
1.5650E+2	8.9250E+1	8.2609E+1
1.5675E+2	8.9384E+1	8.2749E+1
1.5700E+2	8.9522E+1	8.2918E+1
1.5725E+2	8.9624E+1	8.3072E+1
1.5750E+2	8.9761E+1	8.3217E+1
1.5775E+2	8.9887E+1	8.3392E+1
1.5800E+2	9.0006E+1	8.3574E+1
1.5825E+2	9.0117E+1	8.3729E+1
1.5850E+2	9.0258E+1	8.3919E+1
1.5875E+2	9.0377E+1	8.4046E+1
1.5900E+2	9.0500E+1	8.4202E+1
1.5925E+2	9.0627E+1	8.4386E+1
1.5950E+2	9.0753E+1	8.4552E+1
1.5975E+2	9.0878E+1	8.4735E+1
1.6000E+2	9.1018E+1	8.4883E+1
1.6025E+2	9.1118E+1	8.5042E+1
1.6050E+2	9.1263E+1	8.5186E+1
1.6075E+2	9.1389E+1	8.5376E+1
1.6100E+2	9.1493E+1	8.5548E+1
1.6125E+2	9.1659E+1	8.5705E+1
1.6150E+2	9.1762E+1	8.5880E+1
1.6175E+2	9.1880E+1	8.6052E+1
1.6200E+2	9.2004E+1	8.6213E+1
1.6225E+2	9.2129E+1	8.6384E+1
1.6250E+2	9.2288E+1	8.6558E+1
1.6275E+2	9.2399E+1	8.6712E+1
1.6300E+2	9.2525E+1	8.6899E+1
1.6325E+2	9.2631E+1	8.7046E+1
1.6350E+2	9.2750E+1	8.7217E+1
1.6375E+2	9.2885E+1	8.7383E+1
1.6400E+2	9.3020E+1	8.7534E+1
1.6425E+2	9.3145E+1	8.7710E+1
1.6450E+2	9.3263E+1	8.7898E+1
1.6475E+2	9.3390E+1	8.8050E+1
1.6500E+2	9.3496E+1	8.8205E+1
1.6525E+2	9.3639E+1	8.8390E+1
1.6550E+2	9.3751E+1	8.8549E+1
1.6575E+2	9.3895E+1	8.8723E+1
1.6600E+2	9.3997E+1	8.8883E+1
1.6625E+2	9.4131E+1	8.9045E+1
1.6650E+2	9.4265E+1	8.9232E+1
1.6675E+2	9.4379E+1	8.9398E+1
1.6700E+2	9.4500E+1	8.9578E+1
1.6725E+2	9.4627E+1	8.9727E+1
1.6750E+2	9.4748E+1	8.9922E+1
1.6775E+2	9.4879E+1	9.0061E+1
1.6800E+2	9.5017E+1	9.0241E+1
1.6825E+2	9.5139E+1	9.0428E+1
1.6850E+2	9.5261E+1	9.0564E+1
1.6875E+2	9.5389E+1	9.0754E+1
1.6900E+2	9.5525E+1	9.0920E+1
1.6925E+2	9.5657E+1	9.1100E+1
1.6950E+2	9.5783E+1	9.1271E+1
1.6975E+2	9.5899E+1	9.1433E+1
1.7000E+2	9.6015E+1	9.1597E+1
1.7025E+2	9.6161E+1	9.1767E+1
1.7050E+2	9.6262E+1	9.1919E+1
1.7075E+2	9.6403E+1	9.2089E+1
1.7100E+2	9.6515E+1	9.2244E+1
1.7125E+2	9.6646E+1	9.2411E+1
1.7150E+2	9.6779E+1	9.2588E+1
1.7175E+2	9.6891E+1	9.2723E+1
1.7200E+2	9.7032E+1	9.2919E+1
1.7225E+2	9.7157E+1	9.3072E+1
1.7250E+2	9.7282E+1	9.3246E+1
1.7275E+2	9.7426E+1	9.3403E+1
1.7300E+2	9.7544E+1	9.3573E+1
1.7325E+2	9.7708E+1	9.3737E+1
1.7350E+2	9.7813E+1	9.3921E+1
1.7375E+2	9.7922E+1	9.4077E+1
1.7400E+2	9.8046E+1	9.4272E+1
1.7425E+2	9.8174E+1	9.4409E+1
1.7450E+2	9.8327E+1	9.4592E+1
1.7475E+2	9.8440E+1	9.4756E+1
1.7500E+2	9.8560E+1	9.4927E+1
1.7525E+2	9.8681E+1	9.5091E+1
1.7550E+2	9.8842E+1	9.5277E+1
1.7575E+2	9.8933E+1	9.5438E+1
1.7600E+2	9.9068E+1	9.5634E+1
1.7625E+2	9.9209E+1	9.5801E+1
1.7650E+2	9.9328E+1	9.5984E+1
1.7675E+2	9.9462E+1	9.6150E+1
1.7700E+2	9.9584E+1	9.6303E+1
1.7725E+2	9.9720E+1	9.6501E+1
1.7750E+2	9.9842E+1	9.6665E+1
1.7775E+2	9.9985E+1	9.6845E+1
1.7800E+2	1.0010E+2	9.7008E+1
1.7825E+2	1.0024E+2	9.7197E+1
1.7850E+2	1.0038E+2	9.7361E+1
1.7875E+2	1.0050E+2	9.7539E+1
1.7900E+2	1.0062E+2	9.7716E+1
1.7925E+2	1.0077E+2	9.7900E+1
1.7950E+2	1.0087E+2	9.8062E+1
1.7975E+2	1.0102E+2	9.8240E+1
1.8000E+2	1.0115E+2	9.8427E+1
1.8025E+2	1.0127E+2	9.8597E+1
1.8050E+2	1.0141E+2	9.8773E+1
1.8075E+2	1.0153E+2	9.8964E+1
1.8100E+2	1.0167E+2	9.9133E+1
1.8125E+2	1.0181E+2	9.9309E+1
1.8150E+2	1.0194E+2	9.9476E+1
1.8175E+2	1.0208E+2	9.9647E+1
1.8200E+2	1.0221E+2	9.9838E+1
1.8225E+2	1.0234E+2	1.0001E+2
1.8250E+2	1.0247E+2	1.0019E+2
1.8275E+2	1.0259E+2	1.0038E+2
1.8300E+2	1.0275E+2	1.0057E+2
1.8325E+2	1.0287E+2	1.0078E+2
1.8350E+2	1.0299E+2	1.0095E+2
1.8375E+2	1.0313E+2	1.0113E+2
1.8400E+2	1.0328E+2	1.0132E+2
1.8425E+2	1.0340E+2	1.0148E+2
1.8450E+2	1.0352E+2	1.0169E+2
1.8475E+2	1.0369E+2	1.0185E+2
1.8500E+2	1.0381E+2	1.0203E+2
1.8525E+2	1.0393E+2	1.0225E+2
1.8550E+2	1.0408E+2	1.0242E+2
1.8575E+2	1.0419E+2	1.0261E+2
1.8600E+2	1.0433E+2	1.0278E+2
1.8625E+2	1.0446E+2	1.0294E+2
1.8650E+2	1.0461E+2	1.0314E+2
1.8675E+2	1.0476E+2	1.0332E+2
1.8700E+2	1.0489E+2	1.0352E+2
1.8725E+2	1.0502E+2	1.0367E+2
1.8750E+2	1.0515E+2	1.0387E+2
1.8775E+2	1.0529E+2	1.0405E+2
1.8800E+2	1.0542E+2	1.0424E+2
1.8825E+2	1.0555E+2	1.0440E+2
1.8850E+2	1.0569E+2	1.0461E+2
1.8875E+2	1.0584E+2	1.0479E+2
1.8900E+2	1.0597E+2	1.0498E+2
1.8925E+2	1.0608E+2	1.0515E+2
1.8950E+2	1.0623E+2	1.0532E+2
1.8975E+2	1.0634E+2	1.0554E+2
1.9000E+2	1.0649E+2	1.0571E+2
1.9025E+2	1.0663E+2	1.0588E+2
1.9050E+2	1.0675E+2	1.0606E+2
1.9075E+2	1.0691E+2	1.0625E+2
1.9100E+2	1.0706E+2	1.0642E+2
1.9125E+2	1.0716E+2	1.0659E+2
1.9150E+2	1.0731E+2	1.0680E+2
1.9175E+2	1.0743E+2	1.0696E+2
1.9200E+2	1.0757E+2	1.0715E+2
1.9225E+2	1.0772E+2	1.0732E+2
1.9250E+2	1.0786E+2	1.0751E+2
1.9275E+2	1.0800E+2	1.0770E+2
1.9300E+2	1.0812E+2	1.0789E+2
1.9325E+2	1.0829E+2	1.0808E+2
1.9350E+2	1.0843E+2	1.0825E+2
1.9375E+2	1.0856E+2	1.0845E+2
1.9400E+2	1.0869E+2	1.0862E+2
1.9425E+2	1.0882E+2	1.0884E+2
1.9450E+2	1.0896E+2	1.0902E+2
1.9475E+2	1.0908E+2	1.0919E+2
1.9500E+2	1.0921E+2	1.0937E+2
1.9525E+2	1.0935E+2	1.0957E+2
1.9550E+2	1.0947E+2	1.0974E+2
1.9575E+2	1.0964E+2	1.0992E+2
1.9600E+2	1.0976E+2	1.1011E+2
1.9625E+2	1.0991E+2	1.1030E+2
1.9650E+2	1.1003E+2	1.1047E+2
1.9675E+2	1.1018E+2	1.1067E+2
1.9700E+2	1.1033E+2	1.1085E+2
1.9725E+2	1.1044E+2	1.1101E+2
1.9750E+2	1.1057E+2	1.1120E+2
1.9775E+2	1.1071E+2	1.1137E+2
1.9800E+2	1.1086E+2	1.1154E+2
1.9825E+2	1.1098E+2	1.1175E+2
1.9850E+2	1.1112E+2	1.1192E+2
1.9875E+2	1.1127E+2	1.1210E+2
1.9900E+2	1.1139E+2	1.1228E+2
1.9925E+2	1.1154E+2	1.1247E+2
1.9950E+2	1.1166E+2	1.1264E+2
1.9975E+2	1.1181E+2	1.1283E+2
2.0000E+2	1.1192E+2	1.1302E+2
2.0025E+2	1.1207E+2	1.1318E+2
2.0050E+2	1.1222E+2	1.1337E+2
2.0075E+2	1.1235E+2	1.1354E+2
2.0100E+2	1.1248E+2	1.1375E+2
2.0125E+2	1.1262E+2	1.1393E+2
2.0150E+2	1.1276E+2	1.1410E+2
2.0175E+2	1.1291E+2	1.1425E+2
2.0200E+2	1.1304E+2	1.1445E+2
2.0225E+2	1.1320E+2	1.1463E+2
2.0250E+2	1.1332E+2	1.1482E+2
2.0275E+2	1.1343E+2	1.1499E+2
2.0300E+2	1.1359E+2	1.1516E+2
2.0325E+2	1.1374E+2	1.1532E+2
2.0350E+2	1.1387E+2	1.1554E+2
2.0375E+2	1.1402E+2	1.1569E+2
2.0400E+2	1.1418E+2	1.1586E+2
2.0425E+2	1.1430E+2	1.1607E+2
2.0450E+2	1.1444E+2	1.1623E+2
2.0475E+2	1.1459E+2	1.1641E+2
2.0500E+2	1.1475E+2	1.1659E+2
2.0525E+2	1.1488E+2	1.1677E+2
2.0550E+2	1.1504E+2	1.1696E+2
2.0575E+2	1.1517E+2	1.1714E+2
2.0600E+2	1.1532E+2	1.1731E+2
2.0625E+2	1.1548E+2	1.1748E+2
2.0650E+2	1.1560E+2	1.1768E+2
2.0675E+2	1.1576E+2	1.1785E+2
2.0700E+2	1.1589E+2	1.1805E+2
2.0725E+2	1.1604E+2	1.1823E+2
2.0750E+2	1.1620E+2	1.1842E+2
2.0775E+2	1.1634E+2	1.1859E+2
2.0800E+2	1.1645E+2	1.1878E+2
2.0825E+2	1.1660E+2	1.1897E+2
2.0850E+2	1.1673E+2	1.1915E+2
2.0875E+2	1.1687E+2	1.1933E+2
2.0900E+2	1.1704E+2	1.1954E+2
2.0925E+2	1.1717E+2	1.1971E+2
2.0950E+2	1.1730E+2	1.1992E+2
2.0975E+2	1.1745E+2	1.2008E+2
2.1000E+2	1.1761E+2	1.2026E+2
2.1025E+2	1.1775E+2	1.2045E+2
2.1050E+2	1.1790E+2	1.2066E+2
2.1075E+2	1.1804E+2	1.2082E+2
2.1100E+2	1.1817E+2	1.2101E+2
2.1125E+2	1.1831E+2	1.2119E+2
2.1150E+2	1.1844E+2	1.2135E+2
2.1175E+2	1.1860E+2	1.2155E+2
2.1200E+2	1.1871E+2	1.2173E+2
2.1225E+2	1.1889E+2	1.2190E+2
2.1250E+2	1.1902E+2	1.2206E+2
2.1275E+2	1.1916E+2	1.2224E+2
2.1300E+2	1.1930E+2	1.2244E+2
2.1325E+2	1.1944E+2	1.2258E+2
2.1350E+2	1.1959E+2	1.2278E+2
2.1375E+2	1.1974E+2	1.2294E+2
2.1400E+2	1.1987E+2	1.2314E+2
2.1425E+2	1.2002E+2	1.2330E+2
2.1450E+2	1.2016E+2	1.2348E+2
2.1475E+2	1.2033E+2	1.2366E+2
2.1500E+2	1.2045E+2	1.2385E+2
2.1525E+2	1.2059E+2	1.2402E+2
2.1550E+2	1.2073E+2	1.2420E+2
2.1575E+2	1.2088E+2	1.2437E+2
2.1600E+2	1.2104E+2	1.2460E+2
2.1625E+2	1.2119E+2	1.2475E+2
2.1650E+2	1.2134E+2	1.2494E+2
2.1675E+2	1.2148E+2	1.2511E+2
2.1700E+2	1.2162E+2	1.2532E+2
2.1725E+2	1.2178E+2	1.2550E+2
2.1750E+2	1.2191E+2	1.2569E+2
2.1775E+2	1.2205E+2	1.2587E+2
2.1800E+2	1.2220E+2	1.2604E+2
2.1825E+2	1.2234E+2	1.2624E+2
2.1850E+2	1.2249E+2	1.2644E+2
2.1875E+2	1.2266E+2	1.2666E+2
2.1900E+2	1.2278E+2	1.2684E+2
2.1925E+2	1.2292E+2	1.2704E+2
2.1950E+2	1.2304E+2	1.2722E+2
2.1975E+2	1.2320E+2	1.2743E+2
2.2000E+2	1.2337E+2	1.2762E+2
2.2025E+2	1.2347E+2	1.2782E+2
2.2050E+2	1.2365E+2	1.2803E+2
2.2075E+2	1.2376E+2	1.2821E+2
2.2100E+2	1.2390E+2	1.2840E+2
2.2125E+2	1.2404E+2	1.2857E+2
2.2150E+2	1.2420E+2	1.2878E+2
2.2175E+2	1.2435E+2	1.2897E+2
2.2200E+2	1.2448E+2	1.2916E+2
2.2225E+2	1.2465E+2	1.2933E+2
2.2250E+2	1.2479E+2	1.2952E+2
2.2275E+2	1.2492E+2	1.2972E+2
2.2300E+2	1.2508E+2	1.2991E+2
2.2325E+2	1.2527E+2	1.3007E+2
2.2350E+2	1.2542E+2	1.3025E+2
2.2375E+2	1.2557E+2	1.3046E+2
2.2400E+2	1.2572E+2	1.3062E+2
2.2425E+2	1.2588E+2	1.3079E+2
2.2450E+2	1.2603E+2	1.3100E+2
2.2475E+2	1.2619E+2	1.3117E+2
2.2500E+2	1.2634E+2	1.3134E+2
2.2525E+2	1.2651E+2	1.3153E+2
2.2550E+2	1.2665E+2	1.3172E+2
2.2575E+2	1.2680E+2	1.3192E+2
2.2600E+2	1.2696E+2	1.3210E+2
2.2625E+2	1.2712E+2	1.3227E+2
2.2650E+2	1.2727E+2	1.3246E+2
2.2675E+2	1.2743E+2	1.3266E+2
2.2700E+2	1.2758E+2	1.3283E+2
2.2725E+2	1.2776E+2	1.3304E+2
2.2750E+2	1.2788E+2	1.3321E+2
2.2775E+2	1.2808E+2	1.3341E+2
2.2800E+2	1.2823E+2	1.3356E+2
2.2825E+2	1.2838E+2	1.3374E+2
2.2850E+2	1.2854E+2	1.3395E+2
2.2875E+2	1.2869E+2	1.3412E+2
2.2900E+2	1.2887E+2	1.3429E+2
2.2925E+2	1.2903E+2	1.3447E+2
2.2950E+2	1.2923E+2	1.3465E+2
2.2975E+2	1.2940E+2	1.3482E+2
2.3000E+2	1.2956E+2	1.3499E+2
2.3025E+2	1.2972E+2	1.3518E+2
2.3050E+2	1.2988E+2	1.3537E+2
2.3075E+2	1.3003E+2	1.3555E+2
2.3100E+2	1.3021E+2	1.3570E+2
2.3125E+2	1.3040E+2	1.3591E+2
2.3150E+2	1.3056E+2	1.3610E+2
2.3175E+2	1.3072E+2	1.3625E+2
2.3200E+2	1.3089E+2	1.3644E+2
2.3225E+2	1.3107E+2	1.3659E+2
2.3250E+2	1.3125E+2	1.3679E+2
2.3275E+2	1.3140E+2	1.3697E+2
2.3300E+2	1.3162E+2	1.3713E+2
2.3325E+2	1.3178E+2	1.3732E+2
2.3350E+2	1.3195E+2	1.3750E+2
2.3375E+2	1.3213E+2	1.3769E+2
2.3400E+2	1.3232E+2	1.3788E+2
2.3425E+2	1.3247E+2	1.3808E+2
2.3450E+2	1.3266E+2	1.3826E+2
2.3475E+2	1.3284E+2	1.3844E+2
2.3500E+2	1.3302E+2	1.3865E+2
2.3525E+2	1.3320E+2	1.3881E+2
2.3550E+2	1.3335E+2	1.3904E+2
2.3575E+2	1.3353E+2	1.3922E+2
2.3600E+2	1.3370E+2	1.3940E+2
2.3625E+2	1.3389E+2	1.3961E+2
2.3650E+2	1.3402E+2	1.3980E+2
2.3675E+2	1.3420E+2	1.4001E+2
2.3700E+2	1.3437E+2	1.4021E+2
2.3725E+2	1.3451E+2	1.4040E+2
2.3750E+2	1.3467E+2	1.4059E+2
2.3775E+2	1.3487E+2	1.4078E+2
2.3800E+2	1.3502E+2	1.4100E+2
2.3825E+2	1.3518E+2	1.4118E+2
2.3850E+2	1.3535E+2	1.4140E+2
2.3875E+2	1.3552E+2	1.4159E+2
2.3900E+2	1.3567E+2	1.4181E+2
2.3925E+2	1.3584E+2	1.4201E+2
2.3950E+2	1.3601E+2	1.4223E+2
2.3975E+2	1.3618E+2	1.4240E+2
